[[15, 23, 75, 83, 77, 149, 197, 113, 177, 225, 30, 58, 106, 114, 60, 108, 180, 228], [1, 1, 1, 1, 1, 1, 1, 1]]
[[15, 23, 75, 83, 77, 149, 197, 113, 177, 225, 30, 58, 106, 114, 60, 108, 180, 228], [1, 1, 1, 1, 1, 1, 1, 2]]
[[15, 23, 75, 83, 77, 149, 197, 113, 177, 225, 30, 58, 106, 114, 60, 108, 180, 228], [2, 1, 1, 1, 1, 1, 1, 1]]
[[15, 23, 75, 83, 77, 149, 197, 113, 177, 225, 30, 58, 106, 114, 60, 108, 180, 228], [1, 1, 1, 2, 1, 1, 1, 1]]
[[15, 23, 75, 83, 77, 149, 197, 113, 177, 225, 30, 58, 106, 114, 60, 108, 180, 228], [1, 1, 1, 1, 1, 2, 1, 1]]
[[15, 23, 75, 83, 77, 149, 197, 113, 177, 225, 30, 58, 106, 114, 60, 108, 180, 228], [1, 1, 2, 1, 1, 1, 1, 1]]
[[15, 23, 75, 83, 77, 149, 197, 113, 177, 225, 30, 58, 106, 114, 60, 108, 180, 228], [1, 1, 1, 1, 1, 1, 2, 1]]
[[15, 23, 75, 83, 77, 149, 197, 113, 177, 225, 30, 58, 106, 114, 60, 108, 180, 228], [2, 1, 2, 1, 1, 1, 1, 1]]
[[15, 23, 75, 83, 77, 149, 197, 113, 177, 225, 30, 58, 106, 114, 60, 108, 180, 228], [2, 1, 1, 1, 1, 2, 1, 1]]
[[15, 23, 75, 83, 77, 149, 197, 113, 177, 225, 30, 58, 106, 114, 60, 108, 180, 228], [1, 1, 2, 1, 1, 2, 1, 1]]
[[15, 23, 75, 83, 77, 149, 197, 113, 177, 225, 30, 58, 106, 114, 60, 108, 180, 228], [1, 1, 1, 2, 1, 1, 1, 2]]
[[15, 23, 75, 83, 77, 149, 197, 113, 177, 225, 30, 58, 106, 114, 60, 108, 180, 228], [2, 1, 2, 1, 1, 2, 1, 1]]
[[15, 23, 43, 51, 77, 149, 197, 105, 177, 225, 30, 90, 106, 114, 92, 116, 180, 228], [1, 1, 1, 1, 1, 1, 1, 1]]
[[15, 23, 43, 51, 77, 149, 197, 105, 177, 225, 30, 90, 106, 114, 92, 116, 180, 228], [1, 1, 1, 1, 1, 1, 1, 2]]
[[15, 23, 43, 51, 77, 149, 197, 105, 177, 225, 30, 90, 106, 114, 92, 116, 180, 228], [2, 1, 1, 1, 1, 1, 1, 1]]
[[15, 23, 43, 51, 77, 149, 197, 105, 177, 225, 30, 90, 106, 114, 92, 116, 180, 228], [1, 1, 1, 2, 1, 1, 1, 1]]
[[15, 23, 43, 51, 77, 149, 197, 105, 177, 225, 30, 90, 106, 114, 92, 116, 180, 228], [1, 2, 1, 1, 1, 1, 1, 1]]
[[15, 23, 43, 51, 77, 149, 197, 105, 177, 225, 30, 90, 106, 114, 92, 116, 180, 228], [1, 1, 1, 1, 1, 2, 1, 1]]
[[15, 23, 43, 51, 77, 149, 197, 105, 177, 225, 30, 90, 106, 114, 92, 116, 180, 228], [1, 1, 2, 1, 1, 1, 1, 1]]
[[15, 23, 43, 51, 77, 149, 197, 105, 177, 225, 30, 90, 106, 114, 92, 116, 180, 228], [1, 1, 1, 1, 2, 1, 1, 1]]
[[15, 23, 43, 51, 77, 149, 197, 105, 177, 225, 30, 90, 106, 114, 92, 116, 180, 228], [1, 1, 1, 1, 1, 1, 2, 1]]
[[15, 23, 43, 51, 77, 149, 197, 105, 177, 225, 30, 90, 106, 114, 92, 116, 180, 228], [1, 1, 2, 1, 1, 1, 2, 1]]
[[15, 23, 43, 51, 77, 149, 197, 105, 177, 225, 30, 90, 106, 114, 92, 116, 180, 228], [1, 1, 1, 1, 1, 2, 2, 1]]
[[15, 23, 43, 51, 77, 149, 197, 105, 177, 225, 30, 90, 106, 114, 92, 116, 180, 228], [2, 1, 2, 1, 1, 1, 1, 1]]
[[15, 23, 43, 51, 77, 149, 197, 105, 177, 225, 30, 90, 106, 114, 92, 116, 180, 228], [2, 1, 1, 2, 1, 1, 1, 1]]
[[15, 23, 43, 51, 77, 149, 197, 105, 177, 225, 30, 90, 106, 114, 92, 116, 180, 228], [1, 2, 1, 1, 1, 2, 1, 1]]
[[15, 23, 43, 51, 77, 149, 197, 105, 177, 225, 30, 90, 106, 114, 92, 116, 180, 228], [1, 1, 1, 2, 1, 2, 1, 1]]
[[15, 23, 43, 51, 77, 149, 197, 105, 177, 225, 30, 90, 106, 114, 92, 116, 180, 228], [2, 1, 1, 1, 2, 1, 1, 1]]
[[15, 23, 43, 51, 77, 149, 197, 105, 177, 225, 30, 90, 106, 114, 92, 116, 180, 228], [1, 1, 3, 1, 1, 1, 1, 1]]
[[15, 23, 43, 51, 77, 149, 197, 105, 177, 225, 30, 90, 106, 114, 92, 116, 180, 228], [1, 2, 1, 1, 1, 1, 2, 1]]
[[15, 23, 43, 51, 77, 149, 197, 105, 177, 225, 30, 90, 106, 114, 92, 116, 180, 228], [2, 1, 1, 1, 1, 2, 1, 1]]
[[15, 23, 43, 51, 77, 149, 197, 105, 177, 225, 30, 90, 106, 114, 92, 116, 180, 228], [1, 1, 1, 1, 1, 3, 1, 1]]
[[15, 23, 43, 51, 77, 149, 197, 105, 177, 225, 30, 90, 106, 114, 92, 116, 180, 228], [1, 2, 1, 1, 1, 1, 1, 2]]
[[15, 23, 43, 51, 77, 149, 197, 105, 177, 225, 30, 90, 106, 114, 92, 116, 180, 228], [2, 1, 1, 1, 1, 1, 2, 1]]
[[15, 23, 43, 51, 77, 149, 197, 105, 177, 225, 30, 90, 106, 114, 92, 116, 180, 228], [1, 1, 1, 2, 2, 1, 1, 1]]
[[15, 23, 43, 51, 77, 149, 197, 105, 177, 225, 30, 90, 106, 114, 92, 116, 180, 228], [2, 2, 1, 1, 1, 1, 1, 1]]
[[15, 23, 43, 51, 77, 149, 197, 105, 177, 225, 30, 90, 106, 114, 92, 116, 180, 228], [1, 1, 1, 1, 2, 2, 1, 1]]
[[15, 23, 43, 51, 77, 149, 197, 105, 177, 225, 30, 90, 106, 114, 92, 116, 180, 228], [1, 1, 2, 1, 2, 1, 1, 1]]
[[15, 23, 43, 51, 77, 149, 197, 105, 177, 225, 30, 90, 106, 114, 92, 116, 180, 228], [1, 2, 2, 1, 1, 1, 1, 1]]
[[15, 23, 43, 51, 77, 149, 197, 105, 177, 225, 30, 90, 106, 114, 92, 116, 180, 228], [1, 1, 2, 2, 1, 1, 1, 1]]
[[15, 23, 43, 51, 77, 149, 197, 105, 177, 225, 30, 90, 106, 114, 92, 116, 180, 228], [1, 1, 2, 1, 1, 2, 1, 1]]
[[15, 23, 43, 51, 77, 149, 197, 105, 177, 225, 30, 90, 106, 114, 92, 116, 180, 228], [1, 1, 1, 2, 1, 1, 1, 2]]
[[15, 23, 43, 51, 77, 149, 197, 105, 177, 225, 30, 90, 106, 114, 92, 116, 180, 228], [2, 1, 2, 1, 1, 2, 1, 1]]
[[15, 23, 43, 51, 77, 149, 197, 105, 177, 225, 30, 90, 106, 114, 92, 116, 180, 228], [1, 1, 1, 2, 2, 2, 1, 1]]
[[15, 23, 43, 51, 77, 149, 197, 105, 177, 225, 30, 90, 106, 114, 92, 116, 180, 228], [1, 1, 4, 1, 1, 1, 1, 1]]
[[15, 23, 43, 51, 77, 149, 197, 105, 177, 225, 30, 90, 106, 114, 92, 116, 180, 228], [1, 1, 1, 2, 1, 3, 1, 1]]
[[15, 23, 43, 51, 77, 149, 197, 105, 177, 225, 30, 90, 106, 114, 92, 116, 180, 228], [1, 1, 1, 1, 1, 4, 1, 1]]
[[15, 23, 43, 51, 77, 149, 197, 105, 177, 225, 30, 90, 106, 114, 92, 116, 180, 228], [2, 1, 2, 1, 2, 1, 1, 1]]
[[15, 23, 43, 51, 77, 149, 197, 105, 177, 225, 30, 90, 106, 114, 92, 116, 180, 228], [1, 2, 3, 1, 1, 1, 1, 1]]
[[15, 23, 43, 51, 77, 149, 197, 105, 177, 225, 30, 90, 106, 114, 92, 116, 180, 228], [2, 1, 1, 1, 1, 3, 1, 1]]
[[15, 23, 43, 51, 77, 149, 197, 105, 177, 225, 30, 90, 106, 114, 92, 116, 180, 228], [2, 1, 1, 1, 1, 2, 2, 1]]
[[15, 23, 43, 51, 77, 149, 197, 105, 177, 225, 30, 90, 106, 114, 92, 116, 180, 228], [2, 2, 1, 1, 1, 1, 2, 1]]
[[15, 23, 43, 51, 77, 149, 197, 105, 177, 225, 30, 90, 106, 114, 92, 116, 180, 228], [1, 1, 1, 1, 2, 3, 1, 1]]
[[15, 23, 43, 51, 77, 149, 197, 105, 177, 225, 30, 90, 106, 114, 92, 116, 180, 228], [2, 2, 2, 1, 1, 1, 1, 1]]
[[15, 23, 43, 51, 77, 149, 197, 105, 177, 225, 30, 90, 106, 114, 92, 116, 180, 228], [2, 1, 1, 1, 2, 2, 1, 1]]
[[15, 23, 43, 51, 77, 149, 197, 105, 177, 225, 30, 90, 106, 114, 92, 116, 180, 228], [1, 2, 2, 1, 1, 1, 2, 1]]
[[15, 23, 43, 51, 77, 149, 197, 105, 177, 225, 30, 90, 106, 114, 92, 116, 180, 228], [2, 1, 1, 2, 2, 1, 1, 1]]
[[15, 23, 43, 51, 77, 149, 197, 105, 177, 225, 30, 90, 106, 114, 92, 116, 180, 228], [1, 2, 1, 1, 1, 2, 2, 1]]
[[15, 23, 43, 51, 77, 149, 197, 105, 177, 225, 30, 90, 106, 114, 92, 116, 180, 228], [2, 1, 3, 1, 1, 1, 1, 1]]
[[15, 23, 43, 51, 77, 149, 197, 105, 177, 225, 30, 90, 106, 114, 92, 116, 180, 228], [2, 1, 2, 2, 1, 1, 1, 1]]
[[15, 23, 43, 51, 77, 149, 197, 105, 177, 225, 30, 90, 106, 114, 92, 116, 180, 228], [1, 1, 2, 2, 1, 2, 1, 1]]
[[15, 23, 43, 51, 77, 149, 197, 105, 177, 225, 30, 90, 106, 114, 92, 116, 180, 228], [1, 1, 2, 2, 2, 1, 1, 1]]
[[15, 23, 43, 51, 77, 149, 197, 105, 177, 225, 30, 90, 106, 114, 92, 116, 180, 228], [2, 1, 1, 2, 1, 2, 1, 1]]
[[15, 23, 43, 51, 77, 149, 197, 105, 177, 225, 30, 90, 106, 114, 92, 116, 180, 228], [1, 1, 2, 1, 1, 2, 2, 1]]
[[15, 23, 43, 51, 77, 149, 197, 105, 177, 225, 30, 90, 106, 114, 92, 116, 180, 228], [2, 1, 2, 1, 1, 1, 2, 1]]
[[15, 23, 43, 51, 77, 149, 197, 105, 177, 225, 30, 90, 106, 114, 92, 116, 180, 228], [1, 1, 2, 1, 1, 3, 1, 1]]
[[15, 23, 43, 51, 77, 149, 197, 105, 177, 225, 30, 90, 106, 114, 92, 116, 180, 228], [2, 2, 1, 1, 1, 2, 1, 1]]
[[15, 23, 43, 51, 77, 149, 197, 105, 177, 225, 30, 90, 106, 114, 92, 116, 180, 228], [1, 1, 3, 1, 1, 1, 2, 1]]
[[15, 23, 43, 51, 77, 149, 197, 105, 177, 225, 30, 90, 106, 114, 92, 116, 180, 228], [1, 1, 2, 1, 2, 2, 1, 1]]
[[15, 23, 43, 51, 77, 149, 197, 105, 177, 225, 30, 90, 106, 114, 92, 116, 180, 228], [1, 2, 2, 1, 1, 2, 1, 1]]
[[15, 23, 43, 51, 77, 149, 197, 105, 177, 225, 30, 90, 106, 114, 92, 116, 180, 228], [1, 1, 3, 1, 1, 2, 1, 1]]
[[15, 23, 43, 51, 77, 149, 197, 105, 177, 225, 30, 90, 106, 114, 92, 116, 180, 228], [2, 1, 3, 1, 1, 1, 2, 1]]
[[15, 23, 43, 51, 77, 149, 197, 105, 177, 225, 30, 90, 106, 114, 92, 116, 180, 228], [2, 1, 2, 1, 1, 3, 1, 1]]
[[15, 23, 43, 51, 77, 149, 197, 105, 177, 225, 30, 90, 106, 114, 92, 116, 180, 228], [2, 1, 1, 2, 2, 2, 1, 1]]
[[15, 23, 43, 51, 77, 149, 197, 105, 177, 225, 30, 90, 106, 114, 92, 116, 180, 228], [1, 2, 3, 1, 1, 2, 1, 1]]
[[15, 23, 43, 51, 77, 149, 197, 105, 177, 225, 30, 90, 106, 114, 92, 116, 180, 228], [2, 1, 3, 1, 1, 2, 1, 1]]
[[15, 23, 43, 51, 77, 149, 197, 105, 177, 225, 30, 90, 106, 114, 92, 116, 180, 228], [1, 1, 2, 1, 1, 4, 1, 1]]
[[15, 23, 43, 51, 77, 149, 197, 105, 177, 225, 30, 90, 106, 114, 92, 116, 180, 228], [2, 1, 1, 1, 1, 4, 1, 1]]
[[15, 23, 43, 51, 77, 149, 197, 105, 177, 225, 30, 90, 106, 114, 92, 116, 180, 228], [2, 1, 4, 1, 1, 1, 1, 1]]
[[15, 23, 43, 51, 77, 149, 197, 105, 177, 225, 30, 90, 106, 114, 92, 116, 180, 228], [2, 1, 1, 2, 1, 3, 1, 1]]
[[15, 23, 43, 51, 77, 149, 197, 105, 177, 225, 30, 90, 106, 114, 92, 116, 180, 228], [2, 2, 1, 1, 1, 2, 2, 1]]
[[15, 23, 43, 51, 77, 149, 197, 105, 177, 225, 30, 90, 106, 114, 92, 116, 180, 228], [1, 1, 2, 2, 2, 2, 1, 1]]
[[15, 23, 43, 51, 77, 149, 197, 105, 177, 225, 30, 90, 106, 114, 92, 116, 180, 228], [2, 2, 3, 1, 1, 1, 1, 1]]
[[15, 23, 43, 51, 77, 149, 197, 105, 177, 225, 30, 90, 106, 114, 92, 116, 180, 228], [2, 1, 2, 2, 1, 2, 1, 1]]
[[15, 23, 43, 51, 77, 149, 197, 105, 177, 225, 30, 90, 106, 114, 92, 116, 180, 228], [2, 1, 2, 1, 1, 2, 2, 1]]
[[15, 23, 43, 51, 77, 149, 197, 105, 177, 225, 30, 90, 106, 114, 92, 116, 180, 228], [1, 2, 4, 1, 1, 1, 1, 1]]
[[15, 23, 43, 51, 77, 149, 197, 105, 177, 225, 30, 90, 106, 114, 92, 116, 180, 228], [2, 2, 2, 1, 1, 2, 1, 1]]
[[15, 23, 43, 51, 77, 149, 197, 105, 177, 225, 30, 90, 106, 114, 92, 116, 180, 228], [1, 1, 2, 2, 1, 3, 1, 1]]
[[15, 23, 43, 51, 77, 149, 197, 105, 177, 225, 30, 90, 106, 114, 92, 116, 180, 228], [1, 1, 4, 1, 1, 1, 2, 1]]
[[15, 23, 43, 51, 77, 149, 197, 105, 177, 225, 30, 90, 106, 114, 92, 116, 180, 228], [1, 2, 2, 1, 1, 2, 2, 1]]
[[15, 23, 43, 51, 77, 149, 197, 105, 177, 225, 30, 90, 106, 114, 92, 116, 180, 228], [1, 1, 1, 2, 2, 3, 1, 1]]
[[15, 23, 43, 51, 77, 149, 197, 105, 177, 225, 30, 90, 106, 114, 92, 116, 180, 228], [1, 2, 3, 1, 1, 1, 2, 1]]
[[15, 23, 43, 51, 77, 149, 197, 105, 177, 225, 30, 90, 106, 114, 92, 116, 180, 228], [1, 1, 1, 2, 1, 4, 1, 1]]
[[15, 23, 43, 51, 77, 149, 197, 105, 177, 225, 30, 90, 106, 114, 92, 116, 180, 228], [1, 1, 3, 1, 1, 2, 2, 1]]
[[15, 23, 43, 51, 77, 149, 197, 105, 177, 225, 30, 90, 106, 114, 92, 116, 180, 228], [2, 1, 2, 1, 2, 2, 1, 1]]
[[15, 23, 43, 51, 77, 149, 197, 105, 177, 225, 30, 90, 106, 114, 92, 116, 180, 228], [1, 1, 4, 1, 1, 2, 1, 1]]
[[15, 23, 43, 51, 77, 149, 197, 105, 177, 225, 30, 90, 106, 114, 92, 116, 180, 228], [2, 2, 2, 1, 1, 1, 2, 1]]
[[15, 23, 43, 51, 77, 149, 197, 105, 177, 225, 30, 90, 106, 114, 92, 116, 180, 228], [1, 1, 1, 1, 2, 4, 1, 1]]
[[15, 23, 43, 51, 77, 149, 197, 105, 177, 225, 30, 90, 106, 114, 92, 116, 180, 228], [2, 1, 2, 2, 2, 1, 1, 1]]
[[15, 23, 43, 51, 77, 149, 197, 105, 177, 225, 30, 90, 106, 114, 92, 116, 180, 228], [2, 1, 1, 1, 2, 3, 1, 1]]
[[15, 23, 43, 51, 77, 149, 197, 105, 177, 225, 30, 90, 106, 114, 92, 116, 180, 228], [1, 1, 2, 1, 2, 3, 1, 1]]
[[15, 23, 43, 51, 77, 149, 197, 105, 177, 225, 30, 90, 106, 114, 92, 116, 180, 228], [2, 1, 2, 2, 2, 2, 1, 1]]
[[15, 23, 43, 51, 77, 149, 197, 105, 177, 225, 30, 90, 106, 114, 92, 116, 180, 228], [1, 1, 2, 1, 2, 4, 1, 1]]
[[15, 23, 43, 51, 77, 149, 197, 105, 177, 225, 30, 90, 106, 114, 92, 116, 180, 228], [2, 1, 4, 1, 1, 2, 1, 1]]
[[15, 23, 43, 51, 77, 149, 197, 105, 177, 225, 30, 90, 106, 114, 92, 116, 180, 228], [2, 1, 2, 1, 1, 4, 1, 1]]
[[15, 23, 43, 51, 77, 149, 197, 105, 177, 225, 30, 90, 106, 114, 92, 116, 180, 228], [2, 1, 1, 2, 2, 3, 1, 1]]
[[15, 23, 43, 51, 77, 149, 197, 105, 177, 225, 30, 90, 106, 114, 92, 116, 180, 228], [1, 1, 4, 1, 1, 2, 2, 1]]
[[15, 23, 43, 51, 77, 149, 197, 105, 177, 225, 30, 90, 106, 114, 92, 116, 180, 228], [2, 2, 3, 1, 1, 2, 1, 1]]
[[15, 23, 43, 51, 77, 149, 197, 105, 177, 225, 30, 90, 106, 114, 92, 116, 180, 228], [2, 2, 4, 1, 1, 1, 1, 1]]
[[15, 23, 43, 51, 77, 149, 197, 105, 177, 225, 30, 90, 106, 114, 92, 116, 180, 228], [1, 2, 4, 1, 1, 2, 1, 1]]
[[15, 23, 43, 51, 77, 149, 197, 105, 177, 225, 30, 90, 106, 114, 92, 116, 180, 228], [2, 1, 1, 1, 2, 4, 1, 1]]
[[15, 23, 43, 51, 77, 149, 197, 105, 177, 225, 30, 90, 106, 114, 92, 116, 180, 228], [1, 1, 1, 2, 2, 4, 1, 1]]
[[15, 23, 43, 51, 77, 149, 197, 105, 177, 225, 30, 90, 106, 114, 92, 116, 180, 228], [1, 2, 3, 1, 1, 2, 2, 1]]
[[15, 23, 43, 51, 77, 149, 197, 105, 177, 225, 30, 90, 106, 114, 92, 116, 180, 228], [1, 1, 2, 2, 2, 3, 1, 1]]
[[15, 23, 43, 51, 77, 149, 197, 105, 177, 225, 30, 90, 106, 114, 92, 116, 180, 228], [2, 1, 4, 1, 1, 1, 2, 1]]
[[15, 23, 43, 51, 77, 149, 197, 105, 177, 225, 30, 90, 106, 114, 92, 116, 180, 228], [1, 1, 2, 2, 1, 4, 1, 1]]
[[15, 23, 43, 51, 77, 149, 197, 105, 177, 225, 30, 90, 106, 114, 92, 116, 180, 228], [2, 1, 2, 1, 2, 3, 1, 1]]
[[15, 23, 43, 51, 77, 149, 197, 105, 177, 225, 30, 90, 106, 114, 92, 116, 180, 228], [2, 1, 3, 1, 1, 2, 2, 1]]
[[15, 23, 43, 51, 77, 149, 197, 105, 177, 225, 30, 90, 106, 114, 92, 116, 180, 228], [2, 2, 3, 1, 1, 1, 2, 1]]
[[15, 23, 43, 51, 77, 149, 197, 105, 177, 225, 30, 90, 106, 114, 92, 116, 180, 228], [2, 1, 2, 2, 1, 3, 1, 1]]
[[15, 23, 43, 51, 77, 149, 197, 105, 177, 225, 30, 90, 106, 114, 92, 116, 180, 228], [1, 2, 4, 1, 1, 1, 2, 1]]
[[15, 23, 43, 51, 77, 149, 197, 105, 177, 225, 30, 90, 106, 114, 92, 116, 180, 228], [2, 2, 2, 1, 1, 2, 2, 1]]
[[15, 23, 43, 51, 77, 149, 197, 105, 177, 225, 30, 90, 106, 114, 92, 116, 180, 228], [2, 1, 1, 2, 1, 4, 1, 1]]
[[15, 23, 43, 51, 77, 149, 197, 105, 177, 225, 30, 90, 106, 114, 92, 116, 180, 228], [2, 2, 4, 1, 1, 2, 1, 1]]
[[15, 23, 43, 51, 77, 149, 197, 105, 177, 225, 30, 90, 106, 114, 92, 116, 180, 228], [2, 1, 1, 2, 2, 4, 1, 1]]
[[15, 23, 43, 51, 77, 149, 197, 105, 177, 225, 30, 90, 106, 114, 92, 116, 180, 228], [2, 1, 4, 1, 1, 2, 2, 1]]
[[15, 23, 43, 51, 77, 149, 197, 105, 177, 225, 30, 90, 106, 114, 92, 116, 180, 228], [2, 1, 2, 2, 2, 3, 1, 1]]
[[15, 23, 43, 51, 77, 149, 197, 105, 177, 225, 30, 90, 106, 114, 92, 116, 180, 228], [1, 1, 2, 2, 2, 4, 1, 1]]
[[15, 23, 43, 51, 77, 149, 197, 105, 177, 225, 30, 90, 106, 114, 92, 116, 180, 228], [1, 2, 4, 1, 1, 2, 2, 1]]
[[15, 23, 43, 51, 77, 149, 197, 105, 177, 225, 30, 90, 106, 114, 92, 116, 180, 228], [2, 2, 4, 1, 1, 1, 2, 1]]
[[15, 23, 43, 51, 77, 149, 197, 105, 177, 225, 30, 90, 106, 114, 92, 116, 180, 228], [2, 1, 2, 1, 2, 4, 1, 1]]
[[15, 23, 43, 51, 77, 149, 197, 105, 177, 225, 30, 90, 106, 114, 92, 116, 180, 228], [2, 2, 3, 1, 1, 2, 2, 1]]
[[15, 23, 43, 51, 77, 149, 197, 105, 177, 225, 30, 90, 106, 114, 92, 116, 180, 228], [2, 1, 2, 2, 1, 4, 1, 1]]
[[15, 23, 43, 51, 77, 149, 197, 105, 177, 225, 30, 90, 106, 114, 92, 116, 180, 228], [2, 1, 2, 2, 2, 4, 1, 1]]
[[15, 23, 43, 51, 77, 149, 197, 105, 177, 225, 30, 90, 106, 114, 92, 116, 180, 228], [2, 2, 4, 1, 1, 2, 2, 1]]
[[15, 23, 75, 83, 77, 149, 197, 113, 177, 225, 30, 90, 92, 116, 180, 228], [1, 1, 1, 1, 1, 1, 1, 1]]
[[15, 23, 75, 83, 77, 149, 197, 113, 177, 225, 30, 90, 92, 116, 180, 228], [1, 1, 1, 1, 1, 1, 1, 2]]
[[15, 23, 75, 83, 77, 149, 197, 113, 177, 225, 30, 90, 92, 116, 180, 228], [2, 1, 1, 1, 1, 1, 1, 1]]
[[15, 23, 75, 83, 77, 149, 197, 113, 177, 225, 30, 90, 92, 116, 180, 228], [1, 1, 1, 2, 1, 1, 1, 1]]
[[15, 23, 75, 83, 77, 149, 197, 113, 177, 225, 30, 90, 92, 116, 180, 228], [1, 2, 1, 1, 1, 1, 1, 1]]
[[15, 23, 75, 83, 77, 149, 197, 113, 177, 225, 30, 90, 92, 116, 180, 228], [1, 1, 1, 1, 1, 2, 1, 1]]
[[15, 23, 75, 83, 77, 149, 197, 113, 177, 225, 30, 90, 92, 116, 180, 228], [1, 1, 2, 1, 1, 1, 1, 1]]
[[15, 23, 75, 83, 77, 149, 197, 113, 177, 225, 30, 90, 92, 116, 180, 228], [1, 1, 1, 1, 2, 1, 1, 1]]
[[15, 23, 75, 83, 77, 149, 197, 113, 177, 225, 30, 90, 92, 116, 180, 228], [1, 1, 1, 1, 1, 1, 2, 1]]
[[15, 23, 75, 83, 77, 149, 197, 113, 177, 225, 30, 90, 92, 116, 180, 228], [1, 1, 2, 1, 1, 1, 2, 1]]
[[15, 23, 75, 83, 77, 149, 197, 113, 177, 225, 30, 90, 92, 116, 180, 228], [1, 1, 1, 1, 1, 2, 2, 1]]
[[15, 23, 75, 83, 77, 149, 197, 113, 177, 225, 30, 90, 92, 116, 180, 228], [1, 1, 2, 1, 1, 1, 1, 2]]
[[15, 23, 75, 83, 77, 149, 197, 113, 177, 225, 30, 90, 92, 116, 180, 228], [3, 1, 1, 1, 1, 1, 1, 1]]
[[15, 23, 75, 83, 77, 149, 197, 113, 177, 225, 30, 90, 92, 116, 180, 228], [2, 1, 2, 1, 1, 1, 1, 1]]
[[15, 23, 75, 83, 77, 149, 197, 113, 177, 225, 30, 90, 92, 116, 180, 228], [2, 1, 1, 2, 1, 1, 1, 1]]
[[15, 23, 75, 83, 77, 149, 197, 113, 177, 225, 30, 90, 92, 116, 180, 228], [1, 2, 1, 1, 1, 2, 1, 1]]
[[15, 23, 75, 83, 77, 149, 197, 113, 177, 225, 30, 90, 92, 116, 180, 228], [1, 1, 1, 2, 1, 2, 1, 1]]
[[15, 23, 75, 83, 77, 149, 197, 113, 177, 225, 30, 90, 92, 116, 180, 228], [2, 1, 1, 1, 2, 1, 1, 1]]
[[15, 23, 75, 83, 77, 149, 197, 113, 177, 225, 30, 90, 92, 116, 180, 228], [1, 1, 3, 1, 1, 1, 1, 1]]
[[15, 23, 75, 83, 77, 149, 197, 113, 177, 225, 30, 90, 92, 116, 180, 228], [1, 2, 1, 1, 1, 1, 2, 1]]
[[15, 23, 75, 83, 77, 149, 197, 113, 177, 225, 30, 90, 92, 116, 180, 228], [2, 1, 1, 1, 1, 2, 1, 1]]
[[15, 23, 75, 83, 77, 149, 197, 113, 177, 225, 30, 90, 92, 116, 180, 228], [1, 1, 1, 1, 1, 1, 3, 1]]
[[15, 23, 75, 83, 77, 149, 197, 113, 177, 225, 30, 90, 92, 116, 180, 228], [1, 2, 1, 1, 1, 1, 1, 2]]
[[15, 23, 75, 83, 77, 149, 197, 113, 177, 225, 30, 90, 92, 116, 180, 228], [1, 2, 1, 1, 2, 1, 1, 1]]
[[15, 23, 75, 83, 77, 149, 197, 113, 177, 225, 30, 90, 92, 116, 180, 228], [2, 1, 1, 1, 1, 1, 2, 1]]
[[15, 23, 75, 83, 77, 149, 197, 113, 177, 225, 30, 90, 92, 116, 180, 228], [1, 1, 1, 2, 2, 1, 1, 1]]
[[15, 23, 75, 83, 77, 149, 197, 113, 177, 225, 30, 90, 92, 116, 180, 228], [1, 1, 1, 1, 1, 1, 2, 2]]
[[15, 23, 75, 83, 77, 149, 197, 113, 177, 225, 30, 90, 92, 116, 180, 228], [1, 1, 1, 2, 1, 1, 2, 1]]
[[15, 23, 75, 83, 77, 149, 197, 113, 177, 225, 30, 90, 92, 116, 180, 228], [2, 2, 1, 1, 1, 1, 1, 1]]
[[15, 23, 75, 83, 77, 149, 197, 113, 177, 225, 30, 90, 92, 116, 180, 228], [1, 1, 1, 1, 2, 1, 2, 1]]
[[15, 23, 75, 83, 77, 149, 197, 113, 177, 225, 30, 90, 92, 116, 180, 228], [1, 1, 1, 1, 2, 2, 1, 1]]
[[15, 23, 75, 83, 77, 149, 197, 113, 177, 225, 30, 90, 92, 116, 180, 228], [2, 1, 1, 1, 1, 1, 1, 2]]
[[15, 23, 75, 83, 77, 149, 197, 113, 177, 225, 30, 90, 92, 116, 180, 228], [1, 1, 2, 1, 2, 1, 1, 1]]
[[15, 23, 75, 83, 77, 149, 197, 113, 177, 225, 30, 90, 92, 116, 180, 228], [1, 2, 2, 1, 1, 1, 1, 1]]
[[15, 23, 75, 83, 77, 149, 197, 113, 177, 225, 30, 90, 92, 116, 180, 228], [1, 1, 1, 1, 2, 1, 1, 2]]
[[15, 23, 75, 83, 77, 149, 197, 113, 177, 225, 30, 90, 92, 116, 180, 228], [1, 1, 1, 1, 3, 1, 1, 1]]
[[15, 23, 75, 83, 77, 149, 197, 113, 177, 225, 30, 90, 92, 116, 180, 228], [1, 1, 2, 2, 1, 1, 1, 1]]
[[15, 23, 75, 83, 77, 149, 197, 113, 177, 225, 30, 90, 92, 116, 180, 228], [1, 1, 2, 1, 1, 2, 1, 1]]
[[15, 23, 75, 83, 77, 149, 197, 113, 177, 225, 30, 90, 92, 116, 180, 228], [1, 1, 1, 2, 1, 1, 1, 2]]
[[15, 23, 75, 83, 77, 149, 197, 113, 177, 225, 30, 90, 92, 116, 180, 228], [2, 1, 2, 1, 1, 2, 1, 1]]
[[15, 23, 75, 83, 77, 149, 197, 113, 177, 225, 30, 90, 92, 116, 180, 228], [1, 1, 1, 2, 2, 2, 1, 1]]
[[15, 23, 75, 83, 77, 149, 197, 113, 177, 225, 30, 90, 92, 116, 180, 228], [1, 1, 4, 1, 1, 1, 1, 1]]
[[15, 23, 75, 83, 77, 149, 197, 113, 177, 225, 30, 90, 92, 116, 180, 228], [3, 1, 1, 2, 1, 1, 1, 1]]
[[15, 23, 75, 83, 77, 149, 197, 113, 177, 225, 30, 90, 92, 116, 180, 228], [2, 1, 2, 1, 2, 1, 1, 1]]
[[15, 23, 75, 83, 77, 149, 197, 113, 177, 225, 30, 90, 92, 116, 180, 228], [1, 2, 3, 1, 1, 1, 1, 1]]
[[15, 23, 75, 83, 77, 149, 197, 113, 177, 225, 30, 90, 92, 116, 180, 228], [1, 2, 1, 1, 1, 1, 2, 2]]
[[15, 23, 75, 83, 77, 149, 197, 113, 177, 225, 30, 90, 92, 116, 180, 228], [1, 2, 1, 1, 1, 1, 3, 1]]
[[15, 23, 75, 83, 77, 149, 197, 113, 177, 225, 30, 90, 92, 116, 180, 228], [2, 1, 1, 1, 1, 2, 2, 1]]
[[15, 23, 75, 83, 77, 149, 197, 113, 177, 225, 30, 90, 92, 116, 180, 228], [1, 1, 1, 1, 1, 1, 3, 2]]
[[15, 23, 75, 83, 77, 149, 197, 113, 177, 225, 30, 90, 92, 116, 180, 228], [2, 2, 1, 1, 1, 1, 2, 1]]
[[15, 23, 75, 83, 77, 149, 197, 113, 177, 225, 30, 90, 92, 116, 180, 228], [1, 1, 1, 1, 2, 1, 3, 1]]
[[15, 23, 75, 83, 77, 149, 197, 113, 177, 225, 30, 90, 92, 116, 180, 228], [1, 2, 1, 1, 2, 1, 2, 1]]
[[15, 23, 75, 83, 77, 149, 197, 113, 177, 225, 30, 90, 92, 116, 180, 228], [1, 1, 1, 2, 2, 1, 1, 2]]
[[15, 23, 75, 83, 77, 149, 197, 113, 177, 225, 30, 90, 92, 116, 180, 228], [1, 2, 1, 1, 2, 1, 1, 2]]
[[15, 23, 75, 83, 77, 149, 197, 113, 177, 225, 30, 90, 92, 116, 180, 228], [2, 1, 1, 1, 1, 1, 2, 2]]
[[15, 23, 75, 83, 77, 149, 197, 113, 177, 225, 30, 90, 92, 116, 180, 228], [1, 1, 1, 1, 4, 1, 1, 1]]
[[15, 23, 75, 83, 77, 149, 197, 113, 177, 225, 30, 90, 92, 116, 180, 228], [2, 2, 2, 1, 1, 1, 1, 1]]
[[15, 23, 75, 83, 77, 149, 197, 113, 177, 225, 30, 90, 92, 116, 180, 228], [2, 1, 1, 1, 2, 2, 1, 1]]
[[15, 23, 75, 83, 77, 149, 197, 113, 177, 225, 30, 90, 92, 116, 180, 228], [1, 1, 1, 2, 1, 1, 2, 2]]
[[15, 23, 75, 83, 77, 149, 197, 113, 177, 225, 30, 90, 92, 116, 180, 228], [1, 2, 2, 1, 1, 1, 2, 1]]
[[15, 23, 75, 83, 77, 149, 197, 113, 177, 225, 30, 90, 92, 116, 180, 228], [1, 1, 1, 1, 2, 1, 2, 2]]
[[15, 23, 75, 83, 77, 149, 197, 113, 177, 225, 30, 90, 92, 116, 180, 228], [2, 1, 1, 2, 2, 1, 1, 1]]
[[15, 23, 75, 83, 77, 149, 197, 113, 177, 225, 30, 90, 92, 116, 180, 228], [1, 1, 2, 1, 1, 1, 3, 1]]
[[15, 23, 75, 83, 77, 149, 197, 113, 177, 225, 30, 90, 92, 116, 180, 228], [1, 1, 2, 1, 2, 1, 1, 2]]
[[15, 23, 75, 83, 77, 149, 197, 113, 177, 225, 30, 90, 92, 116, 180, 228], [1, 2, 1, 1, 1, 2, 2, 1]]
[[15, 23, 75, 83, 77, 149, 197, 113, 177, 225, 30, 90, 92, 116, 180, 228], [1, 1, 2, 1, 2, 1, 2, 1]]
[[15, 23, 75, 83, 77, 149, 197, 113, 177, 225, 30, 90, 92, 116, 180, 228], [2, 1, 3, 1, 1, 1, 1, 1]]
[[15, 23, 75, 83, 77, 149, 197, 113, 177, 225, 30, 90, 92, 116, 180, 228], [1, 2, 2, 1, 1, 1, 1, 2]]
[[15, 23, 75, 83, 77, 149, 197, 113, 177, 225, 30, 90, 92, 116, 180, 228], [1, 1, 2, 2, 1, 2, 1, 1]]
[[15, 23, 75, 83, 77, 149, 197, 113, 177, 225, 30, 90, 92, 116, 180, 228], [2, 1, 2, 2, 1, 1, 1, 1]]
[[15, 23, 75, 83, 77, 149, 197, 113, 177, 225, 30, 90, 92, 116, 180, 228], [2, 1, 1, 1, 3, 1, 1, 1]]
[[15, 23, 75, 83, 77, 149, 197, 113, 177, 225, 30, 90, 92, 116, 180, 228], [1, 1, 2, 2, 2, 1, 1, 1]]
[[15, 23, 75, 83, 77, 149, 197, 113, 177, 225, 30, 90, 92, 116, 180, 228], [4, 1, 1, 1, 1, 1, 1, 1]]
[[15, 23, 75, 83, 77, 149, 197, 113, 177, 225, 30, 90, 92, 116, 180, 228], [1, 1, 1, 1, 3, 1, 1, 2]]
[[15, 23, 75, 83, 77, 149, 197, 113, 177, 225, 30, 90, 92, 116, 180, 228], [1, 1, 1, 1, 3, 1, 2, 1]]
[[15, 23, 75, 83, 77, 149, 197, 113, 177, 225, 30, 90, 92, 116, 180, 228], [2, 1, 1, 2, 1, 2, 1, 1]]
[[15, 23, 75, 83, 77, 149, 197, 113, 177, 225, 30, 90, 92, 116, 180, 228], [2, 1, 1, 2, 1, 1, 2, 1]]
[[15, 23, 75, 83, 77, 149, 197, 113, 177, 225, 30, 90, 92, 116, 180, 228], [1, 1, 2, 1, 1, 2, 2, 1]]
[[15, 23, 75, 83, 77, 149, 197, 113, 177, 225, 30, 90, 92, 116, 180, 228], [3, 1, 2, 1, 1, 1, 1, 1]]
[[15, 23, 75, 83, 77, 149, 197, 113, 177, 225, 30, 90, 92, 116, 180, 228], [1, 2, 2, 1, 2, 1, 1, 1]]
[[15, 23, 75, 83, 77, 149, 197, 113, 177, 225, 30, 90, 92, 116, 180, 228], [1, 1, 2, 1, 1, 1, 2, 2]]
[[15, 23, 75, 83, 77, 149, 197, 113, 177, 225, 30, 90, 92, 116, 180, 228], [2, 2, 1, 1, 1, 2, 1, 1]]
[[15, 23, 75, 83, 77, 149, 197, 113, 177, 225, 30, 90, 92, 116, 180, 228], [2, 1, 2, 1, 1, 1, 2, 1]]
[[15, 23, 75, 83, 77, 149, 197, 113, 177, 225, 30, 90, 92, 116, 180, 228], [3, 1, 1, 1, 1, 2, 1, 1]]
[[15, 23, 75, 83, 77, 149, 197, 113, 177, 225, 30, 90, 92, 116, 180, 228], [1, 1, 1, 2, 3, 1, 1, 1]]
[[15, 23, 75, 83, 77, 149, 197, 113, 177, 225, 30, 90, 92, 116, 180, 228], [1, 1, 3, 1, 1, 1, 2, 1]]
[[15, 23, 75, 83, 77, 149, 197, 113, 177, 225, 30, 90, 92, 116, 180, 228], [2, 1, 1, 2, 1, 1, 1, 2]]
[[15, 23, 75, 83, 77, 149, 197, 113, 177, 225, 30, 90, 92, 116, 180, 228], [1, 1, 1, 1, 1, 1, 4, 1]]
[[15, 23, 75, 83, 77, 149, 197, 113, 177, 225, 30, 90, 92, 116, 180, 228], [1, 1, 2, 1, 2, 2, 1, 1]]
[[15, 23, 75, 83, 77, 149, 197, 113, 177, 225, 30, 90, 92, 116, 180, 228], [3, 1, 1, 1, 2, 1, 1, 1]]
[[15, 23, 75, 83, 77, 149, 197, 113, 177, 225, 30, 90, 92, 116, 180, 228], [1, 2, 2, 1, 1, 2, 1, 1]]
[[15, 23, 75, 83, 77, 149, 197, 113, 177, 225, 30, 90, 92, 116, 180, 228], [1, 1, 1, 2, 2, 1, 2, 1]]
[[15, 23, 75, 83, 77, 149, 197, 113, 177, 225, 30, 90, 92, 116, 180, 228], [2, 1, 1, 1, 2, 1, 1, 2]]
[[15, 23, 75, 83, 77, 149, 197, 113, 177, 225, 30, 90, 92, 116, 180, 228], [1, 1, 3, 1, 1, 2, 1, 1]]
[[15, 23, 75, 83, 77, 149, 197, 113, 177, 225, 30, 90, 92, 116, 180, 228], [2, 1, 1, 1, 2, 1, 2, 1]]
[[15, 23, 75, 83, 77, 149, 197, 113, 177, 225, 30, 90, 92, 116, 180, 228], [1, 1, 2, 1, 2, 1, 3, 1]]
[[15, 23, 75, 83, 77, 149, 197, 113, 177, 225, 30, 90, 92, 116, 180, 228], [1, 1, 1, 1, 4, 1, 1, 2]]
[[15, 23, 75, 83, 77, 149, 197, 113, 177, 225, 30, 90, 92, 116, 180, 228], [2, 1, 3, 1, 1, 1, 2, 1]]
[[15, 23, 75, 83, 77, 149, 197, 113, 177, 225, 30, 90, 92, 116, 180, 228], [1, 2, 2, 1, 1, 1, 2, 2]]
[[15, 23, 75, 83, 77, 149, 197, 113, 177, 225, 30, 90, 92, 116, 180, 228], [4, 1, 2, 1, 1, 1, 1, 1]]
[[15, 23, 75, 83, 77, 149, 197, 113, 177, 225, 30, 90, 92, 116, 180, 228], [1, 2, 2, 1, 1, 1, 3, 1]]
[[15, 23, 75, 83, 77, 149, 197, 113, 177, 225, 30, 90, 92, 116, 180, 228], [2, 1, 1, 2, 2, 2, 1, 1]]
[[15, 23, 75, 83, 77, 149, 197, 113, 177, 225, 30, 90, 92, 116, 180, 228], [1, 1, 1, 2, 4, 1, 1, 1]]
[[15, 23, 75, 83, 77, 149, 197, 113, 177, 225, 30, 90, 92, 116, 180, 228], [1, 1, 2, 1, 1, 1, 3, 2]]
[[15, 23, 75, 83, 77, 149, 197, 113, 177, 225, 30, 90, 92, 116, 180, 228], [4, 1, 1, 1, 1, 2, 1, 1]]
[[15, 23, 75, 83, 77, 149, 197, 113, 177, 225, 30, 90, 92, 116, 180, 228], [1, 2, 3, 1, 1, 2, 1, 1]]
[[15, 23, 75, 83, 77, 149, 197, 113, 177, 225, 30, 90, 92, 116, 180, 228], [2, 1, 1, 2, 2, 1, 1, 2]]
[[15, 23, 75, 83, 77, 149, 197, 113, 177, 225, 30, 90, 92, 116, 180, 228], [2, 1, 3, 1, 1, 2, 1, 1]]
[[15, 23, 75, 83, 77, 149, 197, 113, 177, 225, 30, 90, 92, 116, 180, 228], [2, 1, 4, 1, 1, 1, 1, 1]]
[[15, 23, 75, 83, 77, 149, 197, 113, 177, 225, 30, 90, 92, 116, 180, 228], [1, 1, 2, 1, 2, 1, 2, 2]]
[[15, 23, 75, 83, 77, 149, 197, 113, 177, 225, 30, 90, 92, 116, 180, 228], [2, 1, 1, 1, 3, 1, 1, 2]]
[[15, 23, 75, 83, 77, 149, 197, 113, 177, 225, 30, 90, 92, 116, 180, 228], [1, 1, 1, 1, 3, 1, 2, 2]]
[[15, 23, 75, 83, 77, 149, 197, 113, 177, 225, 30, 90, 92, 116, 180, 228], [2, 1, 1, 1, 3, 1, 2, 1]]
[[15, 23, 75, 83, 77, 149, 197, 113, 177, 225, 30, 90, 92, 116, 180, 228], [1, 2, 2, 1, 2, 1, 2, 1]]
[[15, 23, 75, 83, 77, 149, 197, 113, 177, 225, 30, 90, 92, 116, 180, 228], [2, 1, 1, 2, 1, 1, 2, 2]]
[[15, 23, 75, 83, 77, 149, 197, 113, 177, 225, 30, 90, 92, 116, 180, 228], [2, 2, 1, 1, 1, 2, 2, 1]]
[[15, 23, 75, 83, 77, 149, 197, 113, 177, 225, 30, 90, 92, 116, 180, 228], [1, 1, 2, 2, 2, 2, 1, 1]]
[[15, 23, 75, 83, 77, 149, 197, 113, 177, 225, 30, 90, 92, 116, 180, 228], [3, 1, 2, 1, 2, 1, 1, 1]]
[[15, 23, 75, 83, 77, 149, 197, 113, 177, 225, 30, 90, 92, 116, 180, 228], [2, 2, 3, 1, 1, 1, 1, 1]]
[[15, 23, 75, 83, 77, 149, 197, 113, 177, 225, 30, 90, 92, 116, 180, 228], [4, 1, 1, 1, 2, 1, 1, 1]]
[[15, 23, 75, 83, 77, 149, 197, 113, 177, 225, 30, 90, 92, 116, 180, 228], [2, 1, 2, 2, 1, 2, 1, 1]]
[[15, 23, 75, 83, 77, 149, 197, 113, 177, 225, 30, 90, 92, 116, 180, 228], [2, 1, 2, 1, 1, 2, 2, 1]]
[[15, 23, 75, 83, 77, 149, 197, 113, 177, 225, 30, 90, 92, 116, 180, 228], [1, 1, 1, 2, 3, 1, 2, 1]]
[[15, 23, 75, 83, 77, 149, 197, 113, 177, 225, 30, 90, 92, 116, 180, 228], [1, 2, 2, 1, 2, 1, 1, 2]]
[[15, 23, 75, 83, 77, 149, 197, 113, 177, 225, 30, 90, 92, 116, 180, 228], [1, 2, 1, 1, 1, 1, 4, 1]]
[[15, 23, 75, 83, 77, 149, 197, 113, 177, 225, 30, 90, 92, 116, 180, 228], [1, 2, 4, 1, 1, 1, 1, 1]]
[[15, 23, 75, 83, 77, 149, 197, 113, 177, 225, 30, 90, 92, 116, 180, 228], [2, 1, 1, 1, 4, 1, 1, 1]]
[[15, 23, 75, 83, 77, 149, 197, 113, 177, 225, 30, 90, 92, 116, 180, 228], [2, 2, 2, 1, 1, 2, 1, 1]]
[[15, 23, 75, 83, 77, 149, 197, 113, 177, 225, 30, 90, 92, 116, 180, 228], [4, 1, 1, 2, 1, 1, 1, 1]]
[[15, 23, 75, 83, 77, 149, 197, 113, 177, 225, 30, 90, 92, 116, 180, 228], [1, 1, 1, 2, 3, 1, 1, 2]]
[[15, 23, 75, 83, 77, 149, 197, 113, 177, 225, 30, 90, 92, 116, 180, 228], [1, 1, 4, 1, 1, 1, 2, 1]]
[[15, 23, 75, 83, 77, 149, 197, 113, 177, 225, 30, 90, 92, 116, 180, 228], [1, 2, 2, 1, 1, 2, 2, 1]]
[[15, 23, 75, 83, 77, 149, 197, 113, 177, 225, 30, 90, 92, 116, 180, 228], [1, 1, 1, 1, 1, 1, 4, 2]]
[[15, 23, 75, 83, 77, 149, 197, 113, 177, 225, 30, 90, 92, 116, 180, 228], [1, 2, 3, 1, 1, 1, 2, 1]]
[[15, 23, 75, 83, 77, 149, 197, 113, 177, 225, 30, 90, 92, 116, 180, 228], [2, 1, 2, 1, 2, 1, 2, 1]]
[[15, 23, 75, 83, 77, 149, 197, 113, 177, 225, 30, 90, 92, 116, 180, 228], [3, 1, 1, 2, 1, 2, 1, 1]]
[[15, 23, 75, 83, 77, 149, 197, 113, 177, 225, 30, 90, 92, 116, 180, 228], [2, 1, 1, 1, 2, 1, 2, 2]]
[[15, 23, 75, 83, 77, 149, 197, 113, 177, 225, 30, 90, 92, 116, 180, 228], [1, 1, 3, 1, 1, 2, 2, 1]]
[[15, 23, 75, 83, 77, 149, 197, 113, 177, 225, 30, 90, 92, 116, 180, 228], [1, 1, 1, 2, 2, 1, 2, 2]]
[[15, 23, 75, 83, 77, 149, 197, 113, 177, 225, 30, 90, 92, 116, 180, 228], [3, 1, 2, 1, 1, 2, 1, 1]]
[[15, 23, 75, 83, 77, 149, 197, 113, 177, 225, 30, 90, 92, 116, 180, 228], [3, 1, 1, 1, 2, 2, 1, 1]]
[[15, 23, 75, 83, 77, 149, 197, 113, 177, 225, 30, 90, 92, 116, 180, 228], [2, 1, 1, 2, 3, 1, 1, 1]]
[[15, 23, 75, 83, 77, 149, 197, 113, 177, 225, 30, 90, 92, 116, 180, 228], [2, 1, 2, 1, 2, 2, 1, 1]]
[[15, 23, 75, 83, 77, 149, 197, 113, 177, 225, 30, 90, 92, 116, 180, 228], [1, 1, 1, 1, 4, 1, 2, 1]]
[[15, 23, 75, 83, 77, 149, 197, 113, 177, 225, 30, 90, 92, 116, 180, 228], [2, 1, 1, 2, 2, 1, 2, 1]]
[[15, 23, 75, 83, 77, 149, 197, 113, 177, 225, 30, 90, 92, 116, 180, 228], [1, 2, 1, 1, 1, 1, 3, 2]]
[[15, 23, 75, 83, 77, 149, 197, 113, 177, 225, 30, 90, 92, 116, 180, 228], [3, 1, 1, 2, 2, 1, 1, 1]]
[[15, 23, 75, 83, 77, 149, 197, 113, 177, 225, 30, 90, 92, 116, 180, 228], [1, 1, 1, 1, 2, 1, 4, 1]]
[[15, 23, 75, 83, 77, 149, 197, 113, 177, 225, 30, 90, 92, 116, 180, 228], [1, 2, 1, 1, 2, 1, 3, 1]]
[[15, 23, 75, 83, 77, 149, 197, 113, 177, 225, 30, 90, 92, 116, 180, 228], [1, 1, 4, 1, 1, 2, 1, 1]]
[[15, 23, 75, 83, 77, 149, 197, 113, 177, 225, 30, 90, 92, 116, 180, 228], [1, 1, 1, 1, 2, 1, 3, 2]]
[[15, 23, 75, 83, 77, 149, 197, 113, 177, 225, 30, 90, 92, 116, 180, 228], [2, 2, 2, 1, 1, 1, 2, 1]]
[[15, 23, 75, 83, 77, 149, 197, 113, 177, 225, 30, 90, 92, 116, 180, 228], [3, 1, 2, 2, 1, 1, 1, 1]]
[[15, 23, 75, 83, 77, 149, 197, 113, 177, 225, 30, 90, 92, 116, 180, 228], [1, 2, 1, 1, 2, 1, 2, 2]]
[[15, 23, 75, 83, 77, 149, 197, 113, 177, 225, 30, 90, 92, 116, 180, 228], [2, 1, 2, 2, 2, 1, 1, 1]]
[[15, 23, 75, 83, 77, 149, 197, 113, 177, 225, 30, 90, 92, 116, 180, 228], [1, 1, 2, 1, 1, 1, 4, 1]]
[[15, 23, 75, 83, 77, 149, 197, 113, 177, 225, 30, 90, 92, 116, 180, 228], [2, 1, 2, 2, 2, 2, 1, 1]]
[[15, 23, 75, 83, 77, 149, 197, 113, 177, 225, 30, 90, 92, 116, 180, 228], [4, 1, 1, 2, 2, 1, 1, 1]]
[[15, 23, 75, 83, 77, 149, 197, 113, 177, 225, 30, 90, 92, 116, 180, 228], [1, 1, 1, 2, 3, 1, 2, 2]]
[[15, 23, 75, 83, 77, 149, 197, 113, 177, 225, 30, 90, 92, 116, 180, 228], [2, 1, 4, 1, 1, 2, 1, 1]]
[[15, 23, 75, 83, 77, 149, 197, 113, 177, 225, 30, 90, 92, 116, 180, 228], [1, 2, 1, 1, 1, 1, 4, 2]]
[[15, 23, 75, 83, 77, 149, 197, 113, 177, 225, 30, 90, 92, 116, 180, 228], [2, 1, 1, 1, 4, 1, 1, 2]]
[[15, 23, 75, 83, 77, 149, 197, 113, 177, 225, 30, 90, 92, 116, 180, 228], [3, 1, 2, 2, 1, 2, 1, 1]]
[[15, 23, 75, 83, 77, 149, 197, 113, 177, 225, 30, 90, 92, 116, 180, 228], [1, 2, 1, 1, 2, 1, 4, 1]]
[[15, 23, 75, 83, 77, 149, 197, 113, 177, 225, 30, 90, 92, 116, 180, 228], [4, 1, 2, 1, 2, 1, 1, 1]]
[[15, 23, 75, 83, 77, 149, 197, 113, 177, 225, 30, 90, 92, 116, 180, 228], [1, 1, 4, 1, 1, 2, 2, 1]]
[[15, 23, 75, 83, 77, 149, 197, 113, 177, 225, 30, 90, 92, 116, 180, 228], [2, 1, 1, 2, 3, 1, 1, 2]]
[[15, 23, 75, 83, 77, 149, 197, 113, 177, 225, 30, 90, 92, 116, 180, 228], [1, 1, 1, 1, 4, 1, 2, 2]]
[[15, 23, 75, 83, 77, 149, 197, 113, 177, 225, 30, 90, 92, 116, 180, 228], [2, 1, 1, 2, 3, 1, 2, 1]]
[[15, 23, 75, 83, 77, 149, 197, 113, 177, 225, 30, 90, 92, 116, 180, 228], [2, 2, 3, 1, 1, 2, 1, 1]]
[[15, 23, 75, 83, 77, 149, 197, 113, 177, 225, 30, 90, 92, 116, 180, 228], [4, 1, 1, 1, 2, 2, 1, 1]]
[[15, 23, 75, 83, 77, 149, 197, 113, 177, 225, 30, 90, 92, 116, 180, 228], [1, 1, 2, 1, 2, 1, 4, 1]]
[[15, 23, 75, 83, 77, 149, 197, 113, 177, 225, 30, 90, 92, 116, 180, 228], [1, 1, 1, 1, 2, 1, 4, 2]]
[[15, 23, 75, 83, 77, 149, 197, 113, 177, 225, 30, 90, 92, 116, 180, 228], [3, 1, 2, 1, 2, 2, 1, 1]]
[[15, 23, 75, 83, 77, 149, 197, 113, 177, 225, 30, 90, 92, 116, 180, 228], [2, 2, 4, 1, 1, 1, 1, 1]]
[[15, 23, 75, 83, 77, 149, 197, 113, 177, 225, 30, 90, 92, 116, 180, 228], [1, 2, 2, 1, 1, 1, 4, 1]]
[[15, 23, 75, 83, 77, 149, 197, 113, 177, 225, 30, 90, 92, 116, 180, 228], [4, 1, 2, 2, 1, 1, 1, 1]]
[[15, 23, 75, 83, 77, 149, 197, 113, 177, 225, 30, 90, 92, 116, 180, 228], [1, 2, 1, 1, 2, 1, 3, 2]]
[[15, 23, 75, 83, 77, 149, 197, 113, 177, 225, 30, 90, 92, 116, 180, 228], [4, 1, 1, 2, 1, 2, 1, 1]]
[[15, 23, 75, 83, 77, 149, 197, 113, 177, 225, 30, 90, 92, 116, 180, 228], [1, 2, 4, 1, 1, 2, 1, 1]]
[[15, 23, 75, 83, 77, 149, 197, 113, 177, 225, 30, 90, 92, 116, 180, 228], [2, 1, 1, 2, 4, 1, 1, 1]]
[[15, 23, 75, 83, 77, 149, 197, 113, 177, 225, 30, 90, 92, 116, 180, 228], [1, 1, 2, 1, 1, 1, 4, 2]]
[[15, 23, 75, 83, 77, 149, 197, 113, 177, 225, 30, 90, 92, 116, 180, 228], [1, 2, 3, 1, 1, 2, 2, 1]]
[[15, 23, 75, 83, 77, 149, 197, 113, 177, 225, 30, 90, 92, 116, 180, 228], [2, 1, 1, 2, 2, 1, 2, 2]]
[[15, 23, 75, 83, 77, 149, 197, 113, 177, 225, 30, 90, 92, 116, 180, 228], [3, 1, 2, 2, 2, 1, 1, 1]]
[[15, 23, 75, 83, 77, 149, 197, 113, 177, 225, 30, 90, 92, 116, 180, 228], [2, 1, 1, 1, 4, 1, 2, 1]]
[[15, 23, 75, 83, 77, 149, 197, 113, 177, 225, 30, 90, 92, 116, 180, 228], [2, 1, 4, 1, 1, 1, 2, 1]]
[[15, 23, 75, 83, 77, 149, 197, 113, 177, 225, 30, 90, 92, 116, 180, 228], [1, 1, 2, 1, 2, 1, 3, 2]]
[[15, 23, 75, 83, 77, 149, 197, 113, 177, 225, 30, 90, 92, 116, 180, 228], [1, 1, 1, 2, 4, 1, 1, 2]]
[[15, 23, 75, 83, 77, 149, 197, 113, 177, 225, 30, 90, 92, 116, 180, 228], [3, 1, 1, 2, 2, 2, 1, 1]]
[[15, 23, 75, 83, 77, 149, 197, 113, 177, 225, 30, 90, 92, 116, 180, 228], [1, 1, 1, 2, 4, 1, 2, 1]]
[[15, 23, 75, 83, 77, 149, 197, 113, 177, 225, 30, 90, 92, 116, 180, 228], [1, 2, 2, 1, 1, 1, 3, 2]]
[[15, 23, 75, 83, 77, 149, 197, 113, 177, 225, 30, 90, 92, 116, 180, 228], [2, 1, 3, 1, 1, 2, 2, 1]]
[[15, 23, 75, 83, 77, 149, 197, 113, 177, 225, 30, 90, 92, 116, 180, 228], [1, 2, 2, 1, 2, 1, 3, 1]]
[[15, 23, 75, 83, 77, 149, 197, 113, 177, 225, 30, 90, 92, 116, 180, 228], [4, 1, 2, 1, 1, 2, 1, 1]]
[[15, 23, 75, 83, 77, 149, 197, 113, 177, 225, 30, 90, 92, 116, 180, 228], [2, 2, 3, 1, 1, 1, 2, 1]]
[[15, 23, 75, 83, 77, 149, 197, 113, 177, 225, 30, 90, 92, 116, 180, 228], [2, 1, 1, 1, 3, 1, 2, 2]]
[[15, 23, 75, 83, 77, 149, 197, 113, 177, 225, 30, 90, 92, 116, 180, 228], [1, 2, 2, 1, 2, 1, 2, 2]]
[[15, 23, 75, 83, 77, 149, 197, 113, 177, 225, 30, 90, 92, 116, 180, 228], [1, 2, 4, 1, 1, 1, 2, 1]]
[[15, 23, 75, 83, 77, 149, 197, 113, 177, 225, 30, 90, 92, 116, 180, 228], [2, 2, 2, 1, 1, 2, 2, 1]]
[[15, 23, 75, 83, 77, 149, 197, 113, 177, 225, 30, 90, 92, 116, 180, 228], [2, 2, 4, 1, 1, 2, 1, 1]]
[[15, 23, 75, 83, 77, 149, 197, 113, 177, 225, 30, 90, 92, 116, 180, 228], [1, 1, 2, 1, 2, 1, 4, 2]]
[[15, 23, 75, 83, 77, 149, 197, 113, 177, 225, 30, 90, 92, 116, 180, 228], [1, 2, 4, 1, 1, 2, 2, 1]]
[[15, 23, 75, 83, 77, 149, 197, 113, 177, 225, 30, 90, 92, 116, 180, 228], [1, 2, 2, 1, 1, 1, 4, 2]]
[[15, 23, 75, 83, 77, 149, 197, 113, 177, 225, 30, 90, 92, 116, 180, 228], [4, 1, 2, 2, 1, 2, 1, 1]]
[[15, 23, 75, 83, 77, 149, 197, 113, 177, 225, 30, 90, 92, 116, 180, 228], [2, 1, 1, 2, 4, 1, 1, 2]]
[[15, 23, 75, 83, 77, 149, 197, 113, 177, 225, 30, 90, 92, 116, 180, 228], [1, 2, 2, 1, 2, 1, 4, 1]]
[[15, 23, 75, 83, 77, 149, 197, 113, 177, 225, 30, 90, 92, 116, 180, 228], [4, 1, 2, 2, 2, 1, 1, 1]]
[[15, 23, 75, 83, 77, 149, 197, 113, 177, 225, 30, 90, 92, 116, 180, 228], [1, 1, 1, 2, 4, 1, 2, 2]]
[[15, 23, 75, 83, 77, 149, 197, 113, 177, 225, 30, 90, 92, 116, 180, 228], [1, 2, 2, 1, 2, 1, 3, 2]]
[[15, 23, 75, 83, 77, 149, 197, 113, 177, 225, 30, 90, 92, 116, 180, 228], [4, 1, 2, 1, 2, 2, 1, 1]]
[[15, 23, 75, 83, 77, 149, 197, 113, 177, 225, 30, 90, 92, 116, 180, 228], [3, 1, 2, 2, 2, 2, 1, 1]]
[[15, 23, 75, 83, 77, 149, 197, 113, 177, 225, 30, 90, 92, 116, 180, 228], [2, 1, 1, 1, 4, 1, 2, 2]]
[[15, 23, 75, 83, 77, 149, 197, 113, 177, 225, 30, 90, 92, 116, 180, 228], [2, 1, 4, 1, 1, 2, 2, 1]]
[[15, 23, 75, 83, 77, 149, 197, 113, 177, 225, 30, 90, 92, 116, 180, 228], [4, 1, 1, 2, 2, 2, 1, 1]]
[[15, 23, 75, 83, 77, 149, 197, 113, 177, 225, 30, 90, 92, 116, 180, 228], [2, 2, 4, 1, 1, 1, 2, 1]]
[[15, 23, 75, 83, 77, 149, 197, 113, 177, 225, 30, 90, 92, 116, 180, 228], [2, 2, 3, 1, 1, 2, 2, 1]]
[[15, 23, 75, 83, 77, 149, 197, 113, 177, 225, 30, 90, 92, 116, 180, 228], [2, 1, 1, 2, 4, 1, 2, 1]]
[[15, 23, 75, 83, 77, 149, 197, 113, 177, 225, 30, 90, 92, 116, 180, 228], [1, 2, 1, 1, 2, 1, 4, 2]]
[[15, 23, 75, 83, 77, 149, 197, 113, 177, 225, 30, 90, 92, 116, 180, 228], [2, 1, 1, 2, 3, 1, 2, 2]]
[[15, 23, 75, 83, 77, 149, 197, 113, 177, 225, 30, 90, 92, 116, 180, 228], [2, 1, 1, 2, 4, 1, 2, 2]]
[[15, 23, 75, 83, 77, 149, 197, 113, 177, 225, 30, 90, 92, 116, 180, 228], [4, 1, 2, 2, 2, 2, 1, 1]]
[[15, 23, 75, 83, 77, 149, 197, 113, 177, 225, 30, 90, 92, 116, 180, 228], [2, 2, 4, 1, 1, 2, 2, 1]]
[[15, 23, 75, 83, 77, 149, 197, 113, 177, 225, 30, 90, 92, 116, 180, 228], [1, 2, 2, 1, 2, 1, 4, 2]]
[[15, 135, 75, 195, 77, 85, 149, 209, 46, 54, 150, 58, 90, 210, 60, 92], [1, 1, 1, 1, 1, 1, 1, 1]]
[[15, 135, 75, 195, 77, 85, 149, 209, 46, 54, 150, 58, 90, 210, 60, 92], [1, 1, 1, 1, 1, 1, 1, 2]]
[[15, 135, 75, 195, 77, 85, 149, 209, 46, 54, 150, 58, 90, 210, 60, 92], [2, 1, 1, 1, 1, 1, 1, 1]]
[[15, 135, 75, 195, 77, 85, 149, 209, 46, 54, 150, 58, 90, 210, 60, 92], [1, 1, 1, 2, 1, 1, 1, 1]]
[[15, 135, 75, 195, 77, 85, 149, 209, 46, 54, 150, 58, 90, 210, 60, 92], [1, 2, 1, 1, 1, 1, 1, 1]]
[[15, 135, 75, 195, 77, 85, 149, 209, 46, 54, 150, 58, 90, 210, 60, 92], [1, 1, 1, 1, 1, 2, 1, 1]]
[[15, 135, 75, 195, 77, 85, 149, 209, 46, 54, 150, 58, 90, 210, 60, 92], [1, 1, 2, 1, 1, 1, 1, 1]]
[[15, 135, 75, 195, 77, 85, 149, 209, 46, 54, 150, 58, 90, 210, 60, 92], [1, 1, 1, 1, 2, 1, 1, 1]]
[[15, 135, 75, 195, 77, 85, 149, 209, 46, 54, 150, 58, 90, 210, 60, 92], [1, 1, 1, 1, 1, 1, 2, 1]]
[[15, 135, 75, 195, 77, 85, 149, 209, 46, 54, 150, 58, 90, 210, 60, 92], [1, 1, 2, 1, 1, 1, 2, 1]]
[[15, 135, 75, 195, 77, 85, 149, 209, 46, 54, 150, 58, 90, 210, 60, 92], [1, 1, 1, 1, 1, 2, 2, 1]]
[[15, 135, 75, 195, 77, 85, 149, 209, 46, 54, 150, 58, 90, 210, 60, 92], [1, 1, 2, 1, 1, 1, 1, 2]]
[[15, 135, 75, 195, 77, 85, 149, 209, 46, 54, 150, 58, 90, 210, 60, 92], [1, 2, 1, 2, 1, 1, 1, 1]]
[[15, 135, 75, 195, 77, 85, 149, 209, 46, 54, 150, 58, 90, 210, 60, 92], [2, 1, 1, 2, 1, 1, 1, 1]]
[[15, 135, 75, 195, 77, 85, 149, 209, 46, 54, 150, 58, 90, 210, 60, 92], [2, 1, 1, 1, 2, 1, 1, 1]]
[[15, 135, 75, 195, 77, 85, 149, 209, 46, 54, 150, 58, 90, 210, 60, 92], [1, 2, 1, 1, 1, 1, 2, 1]]
[[15, 135, 75, 195, 77, 85, 149, 209, 46, 54, 150, 58, 90, 210, 60, 92], [2, 1, 1, 1, 1, 2, 1, 1]]
[[15, 135, 75, 195, 77, 85, 149, 209, 46, 54, 150, 58, 90, 210, 60, 92], [1, 2, 1, 1, 2, 1, 1, 1]]
[[15, 135, 75, 195, 77, 85, 149, 209, 46, 54, 150, 58, 90, 210, 60, 92], [1, 1, 1, 2, 2, 1, 1, 1]]
[[15, 135, 75, 195, 77, 85, 149, 209, 46, 54, 150, 58, 90, 210, 60, 92], [1, 1, 1, 1, 1, 1, 2, 2]]
[[15, 135, 75, 195, 77, 85, 149, 209, 46, 54, 150, 58, 90, 210, 60, 92], [2, 2, 1, 1, 1, 1, 1, 1]]
[[15, 135, 75, 195, 77, 85, 149, 209, 46, 54, 150, 58, 90, 210, 60, 92], [1, 1, 2, 1, 2, 1, 1, 1]]
[[15, 135, 75, 195, 77, 85, 149, 209, 46, 54, 150, 58, 90, 210, 60, 92], [1, 2, 2, 1, 1, 1, 1, 1]]
[[15, 135, 75, 195, 77, 85, 149, 209, 46, 54, 150, 58, 90, 210, 60, 92], [1, 1, 2, 2, 1, 1, 1, 1]]
[[15, 135, 75, 195, 77, 85, 149, 209, 46, 54, 150, 58, 90, 210, 60, 92], [1, 1, 1, 2, 1, 1, 1, 2]]
[[15, 135, 75, 195, 77, 85, 149, 209, 46, 54, 150, 58, 90, 210, 60, 92], [1, 2, 2, 1, 2, 1, 1, 1]]
[[15, 135, 75, 195, 77, 85, 149, 209, 46, 54, 150, 58, 90, 210, 60, 92], [1, 1, 2, 1, 1, 1, 2, 2]]
[[15, 135, 75, 195, 77, 85, 149, 209, 46, 54, 150, 58, 90, 210, 60, 92], [1, 1, 2, 2, 2, 1, 1, 1]]
[[15, 135, 75, 195, 77, 85, 149, 209, 46, 54, 150, 58, 90, 210, 60, 92], [1, 2, 1, 2, 2, 1, 1, 1]]
[[15, 135, 75, 195, 77, 85, 149, 209, 46, 54, 150, 58, 90, 210, 60, 92], [1, 2, 2, 2, 1, 1, 1, 1]]
[[15, 135, 75, 195, 77, 85, 149, 209, 46, 54, 150, 58, 90, 210, 60, 92], [1, 2, 2, 1, 1, 1, 2, 1]]
[[15, 135, 75, 195, 77, 85, 149, 209, 46, 54, 150, 58, 90, 210, 60, 92], [2, 1, 1, 2, 2, 1, 1, 1]]
[[15, 135, 75, 195, 77, 85, 149, 209, 46, 54, 150, 58, 90, 210, 60, 92], [2, 2, 1, 1, 2, 1, 1, 1]]
[[15, 135, 75, 195, 77, 85, 149, 209, 46, 54, 150, 58, 90, 210, 60, 92], [1, 2, 2, 2, 2, 1, 1, 1]]
[[15, 135, 75, 195, 29, 149, 57, 105, 113, 209, 46, 54, 150, 106, 114, 210, 60], [1, 1, 1, 1, 1, 1, 1, 1]]
[[15, 135, 75, 195, 29, 149, 57, 105, 113, 209, 46, 54, 150, 106, 114, 210, 60], [1, 1, 1, 1, 1, 1, 1, 2]]
[[15, 135, 75, 195, 29, 149, 57, 105, 113, 209, 46, 54, 150, 106, 114, 210, 60], [2, 1, 1, 1, 1, 1, 1, 1]]
[[15, 135, 75, 195, 29, 149, 57, 105, 113, 209, 46, 54, 150, 106, 114, 210, 60], [1, 1, 1, 2, 1, 1, 1, 1]]
[[15, 135, 75, 195, 29, 149, 57, 105, 113, 209, 46, 54, 150, 106, 114, 210, 60], [1, 2, 1, 1, 1, 1, 1, 1]]
[[15, 135, 75, 195, 29, 149, 57, 105, 113, 209, 46, 54, 150, 106, 114, 210, 60], [1, 1, 1, 1, 1, 2, 1, 1]]
[[15, 135, 75, 195, 29, 149, 57, 105, 113, 209, 46, 54, 150, 106, 114, 210, 60], [1, 1, 2, 1, 1, 1, 1, 1]]
[[15, 135, 75, 195, 29, 149, 57, 105, 113, 209, 46, 54, 150, 106, 114, 210, 60], [1, 1, 1, 1, 2, 1, 1, 1]]
[[15, 135, 75, 195, 29, 149, 57, 105, 113, 209, 46, 54, 150, 106, 114, 210, 60], [1, 1, 1, 1, 1, 1, 2, 1]]
[[15, 135, 75, 195, 29, 149, 57, 105, 113, 209, 46, 54, 150, 106, 114, 210, 60], [1, 1, 2, 1, 1, 1, 2, 1]]
[[15, 135, 75, 195, 29, 149, 57, 105, 113, 209, 46, 54, 150, 106, 114, 210, 60], [1, 1, 1, 1, 1, 2, 1, 2]]
[[15, 135, 75, 195, 29, 149, 57, 105, 113, 209, 46, 54, 150, 106, 114, 210, 60], [2, 1, 2, 1, 1, 1, 1, 1]]
[[15, 135, 75, 195, 29, 149, 57, 105, 113, 209, 46, 54, 150, 106, 114, 210, 60], [1, 2, 1, 2, 1, 1, 1, 1]]
[[15, 135, 75, 195, 29, 149, 57, 105, 113, 209, 46, 54, 150, 106, 114, 210, 60], [1, 2, 1, 1, 1, 2, 1, 1]]
[[15, 135, 75, 195, 29, 149, 57, 105, 113, 209, 46, 54, 150, 106, 114, 210, 60], [2, 1, 1, 1, 2, 1, 1, 1]]
[[15, 135, 75, 195, 29, 149, 57, 105, 113, 209, 46, 54, 150, 106, 114, 210, 60], [1, 1, 3, 1, 1, 1, 1, 1]]
[[15, 135, 75, 195, 29, 149, 57, 105, 113, 209, 46, 54, 150, 106, 114, 210, 60], [1, 2, 1, 1, 1, 1, 2, 1]]
[[15, 135, 75, 195, 29, 149, 57, 105, 113, 209, 46, 54, 150, 106, 114, 210, 60], [2, 1, 1, 1, 1, 2, 1, 1]]
[[15, 135, 75, 195, 29, 149, 57, 105, 113, 209, 46, 54, 150, 106, 114, 210, 60], [1, 1, 1, 1, 1, 1, 3, 1]]
[[15, 135, 75, 195, 29, 149, 57, 105, 113, 209, 46, 54, 150, 106, 114, 210, 60], [1, 2, 1, 1, 2, 1, 1, 1]]
[[15, 135, 75, 195, 29, 149, 57, 105, 113, 209, 46, 54, 150, 106, 114, 210, 60], [2, 1, 1, 1, 1, 1, 2, 1]]
[[15, 135, 75, 195, 29, 149, 57, 105, 113, 209, 46, 54, 150, 106, 114, 210, 60], [1, 1, 1, 2, 2, 1, 1, 1]]
[[15, 135, 75, 195, 29, 149, 57, 105, 113, 209, 46, 54, 150, 106, 114, 210, 60], [1, 1, 1, 2, 1, 1, 2, 1]]
[[15, 135, 75, 195, 29, 149, 57, 105, 113, 209, 46, 54, 150, 106, 114, 210, 60], [2, 2, 1, 1, 1, 1, 1, 1]]
[[15, 135, 75, 195, 29, 149, 57, 105, 113, 209, 46, 54, 150, 106, 114, 210, 60], [1, 1, 1, 1, 2, 1, 2, 1]]
[[15, 135, 75, 195, 29, 149, 57, 105, 113, 209, 46, 54, 150, 106, 114, 210, 60], [1, 1, 2, 1, 2, 1, 1, 1]]
[[15, 135, 75, 195, 29, 149, 57, 105, 113, 209, 46, 54, 150, 106, 114, 210, 60], [1, 2, 2, 1, 1, 1, 1, 1]]
[[15, 135, 75, 195, 29, 149, 57, 105, 113, 209, 46, 54, 150, 106, 114, 210, 60], [1, 1, 2, 1, 1, 2, 1, 1]]
[[15, 135, 75, 195, 29, 149, 57, 105, 113, 209, 46, 54, 150, 106, 114, 210, 60], [1, 1, 1, 2, 1, 1, 1, 2]]
[[15, 135, 75, 195, 29, 149, 57, 105, 113, 209, 46, 54, 150, 106, 114, 210, 60], [2, 1, 2, 1, 1, 2, 1, 1]]
[[15, 135, 75, 195, 29, 149, 57, 105, 113, 209, 46, 54, 150, 106, 114, 210, 60], [1, 1, 4, 1, 1, 1, 1, 1]]
[[15, 135, 75, 195, 29, 149, 57, 105, 113, 209, 46, 54, 150, 106, 114, 210, 60], [2, 1, 2, 1, 2, 1, 1, 1]]
[[15, 135, 75, 195, 29, 149, 57, 105, 113, 209, 46, 54, 150, 106, 114, 210, 60], [2, 2, 1, 1, 1, 1, 2, 1]]
[[15, 135, 75, 195, 29, 149, 57, 105, 113, 209, 46, 54, 150, 106, 114, 210, 60], [1, 2, 1, 1, 2, 1, 2, 1]]
[[15, 135, 75, 195, 29, 149, 57, 105, 113, 209, 46, 54, 150, 106, 114, 210, 60], [2, 2, 2, 1, 1, 1, 1, 1]]
[[15, 135, 75, 195, 29, 149, 57, 105, 113, 209, 46, 54, 150, 106, 114, 210, 60], [1, 2, 2, 1, 1, 1, 2, 1]]
[[15, 135, 75, 195, 29, 149, 57, 105, 113, 209, 46, 54, 150, 106, 114, 210, 60], [1, 1, 2, 1, 1, 1, 3, 1]]
[[15, 135, 75, 195, 29, 149, 57, 105, 113, 209, 46, 54, 150, 106, 114, 210, 60], [2, 2, 1, 1, 2, 1, 1, 1]]
[[15, 135, 75, 195, 29, 149, 57, 105, 113, 209, 46, 54, 150, 106, 114, 210, 60], [1, 1, 2, 1, 2, 1, 2, 1]]
[[15, 135, 75, 195, 29, 149, 57, 105, 113, 209, 46, 54, 150, 106, 114, 210, 60], [1, 2, 1, 2, 2, 1, 1, 1]]
[[15, 135, 75, 195, 29, 149, 57, 105, 113, 209, 46, 54, 150, 106, 114, 210, 60], [1, 2, 2, 1, 2, 1, 1, 1]]
[[15, 135, 75, 195, 29, 149, 57, 105, 113, 209, 46, 54, 150, 106, 114, 210, 60], [2, 1, 2, 1, 1, 1, 2, 1]]
[[15, 135, 75, 195, 29, 149, 57, 105, 113, 209, 46, 54, 150, 106, 114, 210, 60], [2, 2, 1, 1, 1, 2, 1, 1]]
[[15, 135, 75, 195, 29, 149, 57, 105, 113, 209, 46, 54, 150, 106, 114, 210, 60], [1, 1, 3, 1, 1, 1, 2, 1]]
[[15, 135, 75, 195, 29, 149, 57, 105, 113, 209, 46, 54, 150, 106, 114, 210, 60], [1, 1, 1, 1, 1, 1, 4, 1]]
[[15, 135, 75, 195, 29, 149, 57, 105, 113, 209, 46, 54, 150, 106, 114, 210, 60], [1, 1, 1, 2, 2, 1, 2, 1]]
[[15, 135, 75, 195, 29, 149, 57, 105, 113, 209, 46, 54, 150, 106, 114, 210, 60], [2, 1, 1, 1, 2, 1, 2, 1]]
[[15, 135, 75, 195, 29, 149, 57, 105, 113, 209, 46, 54, 150, 106, 114, 210, 60], [1, 2, 2, 1, 2, 1, 2, 1]]
[[15, 135, 75, 195, 29, 149, 57, 105, 113, 209, 46, 54, 150, 106, 114, 210, 60], [1, 1, 4, 1, 1, 1, 2, 1]]
[[15, 135, 75, 195, 29, 149, 57, 105, 113, 209, 46, 54, 150, 106, 114, 210, 60], [2, 1, 2, 1, 2, 1, 2, 1]]
[[15, 135, 75, 195, 29, 149, 57, 105, 113, 209, 46, 54, 150, 106, 114, 210, 60], [2, 2, 1, 1, 2, 1, 2, 1]]
[[15, 135, 75, 195, 29, 149, 57, 105, 113, 209, 46, 54, 150, 106, 114, 210, 60], [1, 1, 3, 1, 1, 1, 3, 1]]
[[15, 135, 75, 195, 29, 149, 57, 105, 113, 209, 46, 54, 150, 106, 114, 210, 60], [2, 2, 2, 1, 1, 1, 2, 1]]
[[15, 135, 75, 195, 29, 149, 57, 105, 113, 209, 46, 54, 150, 106, 114, 210, 60], [1, 1, 2, 1, 1, 1, 4, 1]]
[[15, 135, 75, 195, 29, 149, 57, 105, 113, 209, 46, 54, 150, 106, 114, 210, 60], [2, 2, 2, 1, 2, 1, 1, 1]]
[[15, 135, 75, 195, 29, 149, 57, 105, 113, 209, 46, 54, 150, 106, 114, 210, 60], [1, 1, 4, 1, 1, 1, 3, 1]]
[[15, 135, 75, 195, 29, 149, 57, 105, 113, 209, 46, 54, 150, 106, 114, 210, 60], [1, 1, 3, 1, 1, 1, 4, 1]]
[[15, 135, 75, 195, 29, 149, 57, 105, 113, 209, 46, 54, 150, 106, 114, 210, 60], [2, 2, 2, 1, 2, 1, 2, 1]]
[[15, 135, 75, 195, 29, 149, 57, 105, 113, 209, 46, 54, 150, 106, 114, 210, 60], [1, 1, 4, 1, 1, 1, 4, 1]]
[[15, 135, 75, 195, 77, 85, 149, 209, 30, 150, 58, 106, 114, 210, 60, 108, 116], [1, 1, 1, 1, 1, 1, 1, 1]]
[[15, 135, 75, 195, 77, 85, 149, 209, 30, 150, 58, 106, 114, 210, 60, 108, 116], [1, 1, 1, 1, 1, 1, 1, 2]]
[[15, 135, 75, 195, 77, 85, 149, 209, 30, 150, 58, 106, 114, 210, 60, 108, 116], [2, 1, 1, 1, 1, 1, 1, 1]]
[[15, 135, 75, 195, 77, 85, 149, 209, 30, 150, 58, 106, 114, 210, 60, 108, 116], [1, 1, 1, 2, 1, 1, 1, 1]]
[[15, 135, 75, 195, 77, 85, 149, 209, 30, 150, 58, 106, 114, 210, 60, 108, 116], [1, 2, 1, 1, 1, 1, 1, 1]]
[[15, 135, 75, 195, 77, 85, 149, 209, 30, 150, 58, 106, 114, 210, 60, 108, 116], [1, 1, 1, 1, 1, 2, 1, 1]]
[[15, 135, 75, 195, 77, 85, 149, 209, 30, 150, 58, 106, 114, 210, 60, 108, 116], [1, 1, 2, 1, 1, 1, 1, 1]]
[[15, 135, 75, 195, 77, 85, 149, 209, 30, 150, 58, 106, 114, 210, 60, 108, 116], [1, 1, 1, 1, 2, 1, 1, 1]]
[[15, 135, 75, 195, 77, 85, 149, 209, 30, 150, 58, 106, 114, 210, 60, 108, 116], [1, 1, 1, 1, 1, 1, 2, 1]]
[[15, 135, 75, 195, 77, 85, 149, 209, 30, 150, 58, 106, 114, 210, 60, 108, 116], [1, 1, 2, 1, 1, 1, 2, 1]]
[[15, 135, 75, 195, 77, 85, 149, 209, 30, 150, 58, 106, 114, 210, 60, 108, 116], [1, 1, 2, 1, 1, 1, 1, 2]]
[[15, 135, 75, 195, 77, 85, 149, 209, 30, 150, 58, 106, 114, 210, 60, 108, 116], [2, 1, 1, 2, 1, 1, 1, 1]]
[[15, 135, 75, 195, 77, 85, 149, 209, 30, 150, 58, 106, 114, 210, 60, 108, 116], [1, 2, 1, 1, 1, 2, 1, 1]]
[[15, 135, 75, 195, 77, 85, 149, 209, 30, 150, 58, 106, 114, 210, 60, 108, 116], [2, 1, 1, 1, 2, 1, 1, 1]]
[[15, 135, 75, 195, 77, 85, 149, 209, 30, 150, 58, 106, 114, 210, 60, 108, 116], [1, 2, 1, 1, 1, 1, 2, 1]]
[[15, 135, 75, 195, 77, 85, 149, 209, 30, 150, 58, 106, 114, 210, 60, 108, 116], [2, 1, 1, 1, 1, 2, 1, 1]]
[[15, 135, 75, 195, 77, 85, 149, 209, 30, 150, 58, 106, 114, 210, 60, 108, 116], [1, 2, 1, 1, 2, 1, 1, 1]]
[[15, 135, 75, 195, 77, 85, 149, 209, 30, 150, 58, 106, 114, 210, 60, 108, 116], [1, 1, 1, 2, 2, 1, 1, 1]]
[[15, 135, 75, 195, 77, 85, 149, 209, 30, 150, 58, 106, 114, 210, 60, 108, 116], [1, 1, 1, 1, 1, 1, 2, 2]]
[[15, 135, 75, 195, 77, 85, 149, 209, 30, 150, 58, 106, 114, 210, 60, 108, 116], [1, 1, 1, 2, 1, 1, 2, 1]]
[[15, 135, 75, 195, 77, 85, 149, 209, 30, 150, 58, 106, 114, 210, 60, 108, 116], [2, 2, 1, 1, 1, 1, 1, 1]]
[[15, 135, 75, 195, 77, 85, 149, 209, 30, 150, 58, 106, 114, 210, 60, 108, 116], [1, 1, 1, 1, 2, 1, 2, 1]]
[[15, 135, 75, 195, 77, 85, 149, 209, 30, 150, 58, 106, 114, 210, 60, 108, 116], [1, 2, 2, 1, 1, 1, 1, 1]]
[[15, 135, 75, 195, 77, 85, 149, 209, 30, 150, 58, 106, 114, 210, 60, 108, 116], [1, 1, 2, 1, 1, 2, 1, 1]]
[[15, 135, 75, 195, 77, 85, 149, 209, 30, 150, 58, 106, 114, 210, 60, 108, 116], [1, 1, 1, 2, 1, 1, 1, 2]]
[[15, 135, 75, 195, 77, 85, 149, 209, 30, 150, 58, 106, 114, 210, 60, 108, 116], [1, 1, 2, 1, 1, 1, 2, 2]]
[[15, 135, 75, 195, 77, 85, 149, 209, 30, 150, 58, 106, 114, 210, 60, 108, 116], [1, 2, 2, 1, 1, 1, 2, 1]]
[[15, 135, 75, 195, 77, 85, 149, 209, 30, 150, 58, 106, 114, 210, 60, 108, 116], [1, 2, 2, 1, 1, 2, 1, 1]]
[[15, 135, 75, 195, 77, 85, 149, 209, 30, 150, 58, 106, 114, 210, 60, 108, 116], [2, 1, 1, 2, 2, 1, 1, 1]]
[[15, 135, 75, 195, 77, 85, 149, 209, 30, 150, 58, 106, 114, 210, 60, 108, 116], [1, 1, 1, 2, 2, 1, 2, 1]]
[[15, 135, 75, 195, 77, 85, 149, 209, 30, 150, 58, 106, 114, 210, 60, 108, 116], [2, 2, 1, 1, 2, 1, 1, 1]]
[[15, 23, 75, 51, 163, 195, 77, 149, 197, 177, 30, 58, 106, 226, 60, 108, 180, 228], [1, 1, 1, 1, 1, 1, 1, 1]]
[[15, 23, 75, 51, 163, 195, 77, 149, 197, 177, 30, 58, 106, 226, 60, 108, 180, 228], [1, 1, 1, 1, 1, 1, 1, 2]]
[[15, 23, 75, 51, 163, 195, 77, 149, 197, 177, 30, 58, 106, 226, 60, 108, 180, 228], [2, 1, 1, 1, 1, 1, 1, 1]]
[[15, 23, 75, 51, 163, 195, 77, 149, 197, 177, 30, 58, 106, 226, 60, 108, 180, 228], [1, 1, 1, 2, 1, 1, 1, 1]]
[[15, 23, 75, 51, 163, 195, 77, 149, 197, 177, 30, 58, 106, 226, 60, 108, 180, 228], [1, 2, 1, 1, 1, 1, 1, 1]]
[[15, 23, 75, 51, 163, 195, 77, 149, 197, 177, 30, 58, 106, 226, 60, 108, 180, 228], [1, 1, 1, 1, 1, 2, 1, 1]]
[[15, 23, 75, 51, 163, 195, 77, 149, 197, 177, 30, 58, 106, 226, 60, 108, 180, 228], [1, 1, 2, 1, 1, 1, 1, 1]]
[[15, 23, 75, 51, 163, 195, 77, 149, 197, 177, 30, 58, 106, 226, 60, 108, 180, 228], [1, 1, 1, 1, 1, 1, 2, 1]]
[[15, 23, 75, 51, 163, 195, 77, 149, 197, 177, 30, 58, 106, 226, 60, 108, 180, 228], [1, 1, 2, 1, 1, 1, 2, 1]]
[[15, 23, 75, 51, 163, 195, 77, 149, 197, 177, 30, 58, 106, 226, 60, 108, 180, 228], [1, 1, 1, 1, 1, 2, 2, 1]]
[[15, 23, 75, 51, 163, 195, 77, 149, 197, 177, 30, 58, 106, 226, 60, 108, 180, 228], [2, 1, 2, 1, 1, 1, 1, 1]]
[[15, 23, 75, 51, 163, 195, 77, 149, 197, 177, 30, 58, 106, 226, 60, 108, 180, 228], [1, 1, 1, 3, 1, 1, 1, 1]]
[[15, 23, 75, 51, 163, 195, 77, 149, 197, 177, 30, 58, 106, 226, 60, 108, 180, 228], [1, 2, 1, 1, 1, 1, 2, 1]]
[[15, 23, 75, 51, 163, 195, 77, 149, 197, 177, 30, 58, 106, 226, 60, 108, 180, 228], [2, 1, 1, 1, 1, 2, 1, 1]]
[[15, 23, 75, 51, 163, 195, 77, 149, 197, 177, 30, 58, 106, 226, 60, 108, 180, 228], [2, 1, 1, 1, 1, 1, 2, 1]]
[[15, 23, 75, 51, 163, 195, 77, 149, 197, 177, 30, 58, 106, 226, 60, 108, 180, 228], [1, 1, 1, 1, 1, 1, 1, 3]]
[[15, 23, 75, 51, 163, 195, 77, 149, 197, 177, 30, 58, 106, 226, 60, 108, 180, 228], [1, 2, 2, 1, 1, 1, 1, 1]]
[[15, 23, 75, 51, 163, 195, 77, 149, 197, 177, 30, 58, 106, 226, 60, 108, 180, 228], [1, 2, 1, 1, 1, 2, 1, 1]]
[[15, 23, 75, 51, 163, 195, 77, 149, 197, 177, 30, 58, 106, 226, 60, 108, 180, 228], [1, 1, 2, 1, 1, 2, 1, 1]]
[[15, 23, 75, 51, 163, 195, 77, 149, 197, 177, 30, 58, 106, 226, 60, 108, 180, 228], [1, 1, 1, 2, 1, 1, 1, 2]]
[[15, 23, 75, 51, 163, 195, 77, 149, 197, 177, 30, 58, 106, 226, 60, 108, 180, 228], [2, 1, 2, 1, 1, 2, 1, 1]]
[[15, 23, 75, 51, 163, 195, 77, 149, 197, 177, 30, 58, 106, 226, 60, 108, 180, 228], [1, 1, 1, 2, 1, 1, 1, 3]]
[[15, 23, 75, 51, 163, 195, 77, 149, 197, 177, 30, 58, 106, 226, 60, 108, 180, 228], [1, 1, 1, 1, 1, 1, 1, 4]]
[[15, 23, 75, 51, 163, 195, 77, 149, 197, 177, 30, 58, 106, 226, 60, 108, 180, 228], [1, 1, 1, 3, 1, 1, 1, 2]]
[[15, 23, 75, 51, 163, 195, 77, 149, 197, 177, 30, 58, 106, 226, 60, 108, 180, 228], [2, 1, 1, 1, 1, 2, 2, 1]]
[[15, 23, 75, 51, 163, 195, 77, 149, 197, 177, 30, 58, 106, 226, 60, 108, 180, 228], [1, 2, 2, 1, 1, 1, 2, 1]]
[[15, 23, 75, 51, 163, 195, 77, 149, 197, 177, 30, 58, 106, 226, 60, 108, 180, 228], [1, 2, 2, 1, 1, 2, 1, 1]]
[[15, 23, 75, 51, 163, 195, 77, 149, 197, 177, 30, 58, 106, 226, 60, 108, 180, 228], [1, 1, 1, 4, 1, 1, 1, 1]]
[[15, 23, 75, 51, 163, 195, 77, 149, 197, 177, 30, 58, 106, 226, 60, 108, 180, 228], [1, 1, 1, 3, 1, 1, 1, 3]]
[[15, 23, 75, 51, 163, 195, 77, 149, 197, 177, 30, 58, 106, 226, 60, 108, 180, 228], [1, 1, 1, 2, 1, 1, 1, 4]]
[[15, 23, 75, 51, 163, 195, 77, 149, 197, 177, 30, 58, 106, 226, 60, 108, 180, 228], [1, 1, 1, 4, 1, 1, 1, 2]]
[[15, 23, 75, 51, 163, 195, 77, 149, 197, 177, 30, 58, 106, 226, 60, 108, 180, 228], [1, 1, 1, 3, 1, 1, 1, 4]]
[[15, 23, 75, 51, 163, 195, 77, 149, 197, 177, 30, 58, 106, 226, 60, 108, 180, 228], [1, 1, 1, 4, 1, 1, 1, 3]]
[[15, 23, 75, 51, 163, 195, 77, 149, 197, 177, 30, 58, 106, 226, 60, 108, 180, 228], [1, 1, 1, 4, 1, 1, 1, 4]]
[[15, 135, 43, 163, 77, 85, 149, 105, 209, 225, 46, 54, 150, 114, 210, 226, 108, 116], [1, 1, 1, 1, 1, 1, 1, 1]]
[[15, 135, 43, 163, 77, 85, 149, 105, 209, 225, 46, 54, 150, 114, 210, 226, 108, 116], [1, 1, 1, 1, 1, 1, 1, 2]]
[[15, 135, 43, 163, 77, 85, 149, 105, 209, 225, 46, 54, 150, 114, 210, 226, 108, 116], [2, 1, 1, 1, 1, 1, 1, 1]]
[[15, 135, 43, 163, 77, 85, 149, 105, 209, 225, 46, 54, 150, 114, 210, 226, 108, 116], [1, 1, 1, 2, 1, 1, 1, 1]]
[[15, 135, 43, 163, 77, 85, 149, 105, 209, 225, 46, 54, 150, 114, 210, 226, 108, 116], [1, 2, 1, 1, 1, 1, 1, 1]]
[[15, 135, 43, 163, 77, 85, 149, 105, 209, 225, 46, 54, 150, 114, 210, 226, 108, 116], [1, 1, 1, 1, 1, 2, 1, 1]]
[[15, 135, 43, 163, 77, 85, 149, 105, 209, 225, 46, 54, 150, 114, 210, 226, 108, 116], [1, 1, 2, 1, 1, 1, 1, 1]]
[[15, 135, 43, 163, 77, 85, 149, 105, 209, 225, 46, 54, 150, 114, 210, 226, 108, 116], [1, 1, 1, 1, 2, 1, 1, 1]]
[[15, 135, 43, 163, 77, 85, 149, 105, 209, 225, 46, 54, 150, 114, 210, 226, 108, 116], [1, 1, 1, 1, 1, 1, 2, 1]]
[[15, 135, 43, 163, 77, 85, 149, 105, 209, 225, 46, 54, 150, 114, 210, 226, 108, 116], [1, 1, 2, 1, 1, 1, 2, 1]]
[[15, 135, 43, 163, 77, 85, 149, 105, 209, 225, 46, 54, 150, 114, 210, 226, 108, 116], [1, 1, 1, 1, 1, 2, 2, 1]]
[[15, 135, 43, 163, 77, 85, 149, 105, 209, 225, 46, 54, 150, 114, 210, 226, 108, 116], [2, 1, 2, 1, 1, 1, 1, 1]]
[[15, 135, 43, 163, 77, 85, 149, 105, 209, 225, 46, 54, 150, 114, 210, 226, 108, 116], [1, 2, 1, 1, 1, 2, 1, 1]]
[[15, 135, 43, 163, 77, 85, 149, 105, 209, 225, 46, 54, 150, 114, 210, 226, 108, 116], [1, 2, 1, 1, 1, 1, 2, 1]]
[[15, 135, 43, 163, 77, 85, 149, 105, 209, 225, 46, 54, 150, 114, 210, 226, 108, 116], [2, 1, 1, 1, 1, 2, 1, 1]]
[[15, 135, 43, 163, 77, 85, 149, 105, 209, 225, 46, 54, 150, 114, 210, 226, 108, 116], [2, 1, 1, 1, 1, 1, 2, 1]]
[[15, 135, 43, 163, 77, 85, 149, 105, 209, 225, 46, 54, 150, 114, 210, 226, 108, 116], [1, 1, 1, 2, 2, 1, 1, 1]]
[[15, 135, 43, 163, 77, 85, 149, 105, 209, 225, 46, 54, 150, 114, 210, 226, 108, 116], [2, 2, 1, 1, 1, 1, 1, 1]]
[[15, 135, 43, 163, 77, 85, 149, 105, 209, 225, 46, 54, 150, 114, 210, 226, 108, 116], [1, 2, 2, 1, 1, 1, 1, 1]]
[[15, 135, 43, 163, 77, 85, 149, 105, 209, 225, 46, 54, 150, 114, 210, 226, 108, 116], [1, 1, 2, 1, 1, 2, 1, 1]]
[[15, 135, 43, 163, 77, 85, 149, 105, 209, 225, 46, 54, 150, 114, 210, 226, 108, 116], [1, 1, 1, 2, 1, 1, 1, 2]]
[[15, 135, 43, 163, 77, 85, 149, 105, 209, 225, 46, 54, 150, 114, 210, 226, 108, 116], [2, 1, 2, 1, 1, 2, 1, 1]]
[[15, 135, 43, 163, 77, 85, 149, 105, 209, 225, 46, 54, 150, 114, 210, 226, 108, 116], [2, 1, 2, 1, 1, 1, 2, 1]]
[[15, 135, 43, 163, 77, 85, 149, 105, 209, 225, 46, 54, 150, 114, 210, 226, 108, 116], [2, 2, 1, 1, 1, 2, 1, 1]]
[[15, 135, 43, 163, 77, 85, 149, 105, 209, 225, 46, 54, 150, 114, 210, 226, 108, 116], [2, 2, 2, 1, 1, 1, 1, 1]]
[[15, 135, 43, 163, 77, 85, 149, 105, 209, 225, 46, 54, 150, 114, 210, 226, 108, 116], [2, 1, 1, 1, 1, 2, 2, 1]]
[[15, 135, 43, 163, 77, 85, 149, 105, 209, 225, 46, 54, 150, 114, 210, 226, 108, 116], [1, 2, 2, 1, 1, 1, 2, 1]]
[[15, 135, 43, 163, 77, 85, 149, 105, 209, 225, 46, 54, 150, 114, 210, 226, 108, 116], [1, 2, 2, 1, 1, 2, 1, 1]]
[[15, 135, 43, 163, 77, 85, 149, 105, 209, 225, 46, 54, 150, 114, 210, 226, 108, 116], [1, 1, 2, 1, 1, 2, 2, 1]]
[[15, 135, 43, 163, 77, 85, 149, 105, 209, 225, 46, 54, 150, 114, 210, 226, 108, 116], [1, 2, 1, 1, 1, 2, 2, 1]]
[[15, 135, 43, 163, 77, 85, 149, 105, 209, 225, 46, 54, 150, 114, 210, 226, 108, 116], [2, 2, 1, 1, 1, 1, 2, 1]]
[[15, 135, 43, 163, 77, 85, 149, 105, 209, 225, 46, 54, 150, 114, 210, 226, 108, 116], [2, 2, 1, 1, 1, 2, 2, 1]]
[[15, 135, 43, 163, 77, 85, 149, 105, 209, 225, 46, 54, 150, 114, 210, 226, 108, 116], [1, 2, 2, 1, 1, 2, 2, 1]]
[[15, 135, 43, 163, 77, 85, 149, 105, 209, 225, 46, 54, 150, 114, 210, 226, 108, 116], [2, 1, 2, 1, 1, 2, 2, 1]]
[[15, 135, 43, 163, 77, 85, 149, 105, 209, 225, 46, 54, 150, 114, 210, 226, 108, 116], [2, 2, 2, 1, 1, 1, 2, 1]]
[[15, 135, 43, 163, 77, 85, 149, 105, 209, 225, 46, 54, 150, 114, 210, 226, 108, 116], [2, 2, 2, 1, 1, 2, 1, 1]]
[[15, 135, 43, 163, 77, 85, 149, 105, 209, 225, 46, 54, 150, 114, 210, 226, 108, 116], [2, 2, 2, 1, 1, 2, 2, 1]]
[[15, 135, 43, 163, 29, 149, 89, 105, 209, 225, 46, 54, 150, 114, 210, 226, 92, 108, 116], [1, 1, 1, 1, 1, 1, 1, 1]]
[[15, 135, 43, 163, 29, 149, 89, 105, 209, 225, 46, 54, 150, 114, 210, 226, 92, 108, 116], [1, 1, 1, 1, 1, 1, 1, 2]]
[[15, 135, 43, 163, 29, 149, 89, 105, 209, 225, 46, 54, 150, 114, 210, 226, 92, 108, 116], [1, 1, 1, 2, 1, 1, 1, 1]]
[[15, 135, 43, 163, 29, 149, 89, 105, 209, 225, 46, 54, 150, 114, 210, 226, 92, 108, 116], [1, 1, 1, 2, 1, 1, 1, 2]]
[[15, 23, 43, 83, 163, 195, 29, 89, 105, 225, 46, 54, 114, 226, 92, 108, 116], [1, 1, 1, 1, 1, 1, 1, 1]]
[[15, 23, 43, 83, 163, 195, 29, 89, 105, 225, 46, 54, 114, 226, 92, 108, 116], [2, 1, 1, 1, 1, 1, 1, 1]]
[[15, 23, 43, 83, 163, 195, 29, 89, 105, 225, 46, 54, 114, 226, 92, 108, 116], [1, 2, 1, 1, 1, 1, 1, 1]]
[[15, 23, 43, 83, 163, 195, 29, 89, 105, 225, 46, 54, 114, 226, 92, 108, 116], [1, 1, 1, 1, 1, 2, 1, 1]]
[[15, 23, 43, 83, 163, 195, 29, 89, 105, 225, 46, 54, 114, 226, 92, 108, 116], [1, 1, 2, 1, 1, 1, 1, 1]]
[[15, 23, 43, 83, 163, 195, 29, 89, 105, 225, 46, 54, 114, 226, 92, 108, 116], [1, 1, 1, 1, 1, 1, 2, 1]]
[[15, 23, 43, 83, 163, 195, 29, 89, 105, 225, 46, 54, 114, 226, 92, 108, 116], [1, 1, 2, 1, 1, 2, 1, 1]]
[[15, 23, 43, 83, 163, 195, 29, 89, 105, 225, 46, 54, 114, 226, 92, 108, 116], [1, 1, 2, 1, 1, 1, 2, 1]]
[[15, 23, 43, 83, 163, 195, 29, 89, 105, 225, 46, 54, 114, 226, 92, 108, 116], [2, 1, 1, 1, 1, 2, 1, 1]]
[[15, 23, 43, 83, 163, 195, 29, 89, 105, 225, 46, 54, 114, 226, 92, 108, 116], [1, 1, 1, 1, 1, 2, 2, 1]]
[[15, 23, 43, 83, 163, 195, 29, 89, 105, 225, 46, 54, 114, 226, 92, 108, 116], [2, 1, 1, 1, 1, 1, 2, 1]]
[[15, 23, 43, 83, 163, 195, 29, 89, 105, 225, 46, 54, 114, 226, 92, 108, 116], [1, 2, 1, 1, 1, 1, 2, 1]]
[[15, 23, 43, 83, 163, 195, 29, 89, 105, 225, 46, 54, 114, 226, 92, 108, 116], [1, 2, 2, 1, 1, 1, 1, 1]]
[[15, 23, 43, 83, 163, 195, 29, 89, 105, 225, 46, 54, 114, 226, 92, 108, 116], [1, 2, 1, 1, 1, 2, 1, 1]]
[[15, 23, 43, 83, 163, 195, 29, 89, 105, 225, 46, 54, 114, 226, 92, 108, 116], [2, 2, 1, 1, 1, 1, 1, 1]]
[[15, 23, 43, 83, 163, 195, 29, 89, 105, 225, 46, 54, 114, 226, 92, 108, 116], [2, 1, 2, 1, 1, 1, 1, 1]]
[[15, 23, 43, 83, 163, 195, 29, 89, 105, 225, 46, 54, 114, 226, 92, 108, 116], [2, 1, 2, 1, 1, 2, 1, 1]]
[[15, 23, 43, 83, 163, 195, 29, 89, 105, 225, 46, 54, 114, 226, 92, 108, 116], [2, 1, 2, 1, 1, 1, 2, 1]]
[[15, 23, 43, 83, 163, 195, 29, 89, 105, 225, 46, 54, 114, 226, 92, 108, 116], [2, 2, 1, 1, 1, 2, 1, 1]]
[[15, 23, 43, 83, 163, 195, 29, 89, 105, 225, 46, 54, 114, 226, 92, 108, 116], [2, 2, 2, 1, 1, 1, 1, 1]]
[[15, 23, 43, 83, 163, 195, 29, 89, 105, 225, 46, 54, 114, 226, 92, 108, 116], [2, 1, 1, 1, 1, 2, 2, 1]]
[[15, 23, 43, 83, 163, 195, 29, 89, 105, 225, 46, 54, 114, 226, 92, 108, 116], [1, 2, 2, 1, 1, 1, 2, 1]]
[[15, 23, 43, 83, 163, 195, 29, 89, 105, 225, 46, 54, 114, 226, 92, 108, 116], [1, 2, 2, 1, 1, 2, 1, 1]]
[[15, 23, 43, 83, 163, 195, 29, 89, 105, 225, 46, 54, 114, 226, 92, 108, 116], [1, 1, 2, 1, 1, 2, 2, 1]]
[[15, 23, 43, 83, 163, 195, 29, 89, 105, 225, 46, 54, 114, 226, 92, 108, 116], [1, 2, 1, 1, 1, 2, 2, 1]]
[[15, 23, 43, 83, 163, 195, 29, 89, 105, 225, 46, 54, 114, 226, 92, 108, 116], [2, 2, 1, 1, 1, 1, 2, 1]]
[[15, 23, 43, 83, 163, 195, 29, 89, 105, 225, 46, 54, 114, 226, 92, 108, 116], [2, 2, 1, 1, 1, 2, 2, 1]]
[[15, 23, 43, 83, 163, 195, 29, 89, 105, 225, 46, 54, 114, 226, 92, 108, 116], [1, 2, 2, 1, 1, 2, 2, 1]]
[[15, 23, 43, 83, 163, 195, 29, 89, 105, 225, 46, 54, 114, 226, 92, 108, 116], [2, 1, 2, 1, 1, 2, 2, 1]]
[[15, 23, 43, 83, 163, 195, 29, 89, 105, 225, 46, 54, 114, 226, 92, 108, 116], [2, 2, 2, 1, 1, 1, 2, 1]]
[[15, 23, 43, 83, 163, 195, 29, 89, 105, 225, 46, 54, 114, 226, 92, 108, 116], [2, 2, 2, 1, 1, 2, 1, 1]]
[[15, 23, 43, 83, 163, 195, 29, 89, 105, 225, 46, 54, 114, 226, 92, 108, 116], [2, 2, 2, 1, 1, 2, 2, 1]]
[[15, 135, 43, 163, 77, 85, 149, 105, 209, 225, 30, 150, 58, 114, 210, 226, 60, 108, 116], [1, 1, 1, 1, 1, 1, 1, 1]]
[[15, 135, 43, 163, 77, 85, 149, 105, 209, 225, 30, 150, 58, 114, 210, 226, 60, 108, 116], [1, 1, 1, 1, 1, 1, 1, 2]]
[[15, 135, 43, 163, 77, 85, 149, 105, 209, 225, 30, 150, 58, 114, 210, 226, 60, 108, 116], [2, 1, 1, 1, 1, 1, 1, 1]]
[[15, 135, 43, 163, 77, 85, 149, 105, 209, 225, 30, 150, 58, 114, 210, 226, 60, 108, 116], [1, 1, 1, 2, 1, 1, 1, 1]]
[[15, 135, 43, 163, 77, 85, 149, 105, 209, 225, 30, 150, 58, 114, 210, 226, 60, 108, 116], [1, 2, 1, 1, 1, 1, 1, 1]]
[[15, 135, 43, 163, 77, 85, 149, 105, 209, 225, 30, 150, 58, 114, 210, 226, 60, 108, 116], [1, 1, 1, 1, 1, 2, 1, 1]]
[[15, 135, 43, 163, 77, 85, 149, 105, 209, 225, 30, 150, 58, 114, 210, 226, 60, 108, 116], [1, 1, 2, 1, 1, 1, 1, 1]]
[[15, 135, 43, 163, 77, 85, 149, 105, 209, 225, 30, 150, 58, 114, 210, 226, 60, 108, 116], [1, 1, 1, 1, 2, 1, 1, 1]]
[[15, 135, 43, 163, 77, 85, 149, 105, 209, 225, 30, 150, 58, 114, 210, 226, 60, 108, 116], [1, 1, 1, 1, 1, 1, 2, 1]]
[[15, 135, 43, 163, 77, 85, 149, 105, 209, 225, 30, 150, 58, 114, 210, 226, 60, 108, 116], [2, 1, 2, 1, 1, 1, 1, 1]]
[[15, 135, 43, 163, 77, 85, 149, 105, 209, 225, 30, 150, 58, 114, 210, 226, 60, 108, 116], [1, 2, 1, 1, 1, 2, 1, 1]]
[[15, 135, 43, 163, 77, 85, 149, 105, 209, 225, 30, 150, 58, 114, 210, 226, 60, 108, 116], [2, 1, 1, 1, 1, 2, 1, 1]]
[[15, 135, 43, 163, 77, 85, 149, 105, 209, 225, 30, 150, 58, 114, 210, 226, 60, 108, 116], [1, 2, 2, 1, 1, 1, 1, 1]]
[[15, 135, 43, 163, 77, 85, 149, 105, 209, 225, 30, 150, 58, 114, 210, 226, 60, 108, 116], [1, 1, 2, 1, 1, 2, 1, 1]]
[[15, 135, 43, 163, 77, 85, 149, 105, 209, 225, 30, 150, 58, 114, 210, 226, 60, 108, 116], [1, 1, 1, 2, 1, 1, 1, 2]]
[[15, 135, 43, 163, 77, 85, 149, 105, 209, 225, 30, 150, 58, 114, 210, 226, 60, 108, 116], [2, 1, 2, 1, 1, 2, 1, 1]]
[[15, 135, 43, 163, 77, 85, 149, 105, 209, 225, 30, 150, 58, 114, 210, 226, 60, 108, 116], [1, 2, 2, 1, 1, 2, 1, 1]]
[[15, 23, 75, 83, 29, 57, 105, 177, 209, 225, 46, 150, 166, 106, 210, 226, 60, 180], [1, 1, 1, 1, 1, 1, 1, 1]]
[[15, 23, 75, 83, 29, 57, 105, 177, 209, 225, 46, 150, 166, 106, 210, 226, 60, 180], [1, 1, 1, 1, 1, 1, 1, 2]]
[[15, 23, 75, 83, 29, 57, 105, 177, 209, 225, 46, 150, 166, 106, 210, 226, 60, 180], [2, 1, 1, 1, 1, 1, 1, 1]]
[[15, 23, 75, 83, 29, 57, 105, 177, 209, 225, 46, 150, 166, 106, 210, 226, 60, 180], [1, 1, 1, 2, 1, 1, 1, 1]]
[[15, 23, 75, 83, 29, 57, 105, 177, 209, 225, 46, 150, 166, 106, 210, 226, 60, 180], [1, 2, 1, 1, 1, 1, 1, 1]]
[[15, 23, 75, 83, 29, 57, 105, 177, 209, 225, 46, 150, 166, 106, 210, 226, 60, 180], [1, 1, 1, 1, 1, 2, 1, 1]]
[[15, 23, 75, 83, 29, 57, 105, 177, 209, 225, 46, 150, 166, 106, 210, 226, 60, 180], [1, 1, 2, 1, 1, 1, 1, 1]]
[[15, 23, 75, 83, 29, 57, 105, 177, 209, 225, 46, 150, 166, 106, 210, 226, 60, 180], [1, 1, 1, 1, 2, 1, 1, 1]]
[[15, 23, 75, 83, 29, 57, 105, 177, 209, 225, 46, 150, 166, 106, 210, 226, 60, 180], [1, 1, 1, 1, 1, 1, 2, 1]]
[[15, 23, 75, 83, 29, 57, 105, 177, 209, 225, 46, 150, 166, 106, 210, 226, 60, 180], [1, 1, 2, 1, 1, 1, 2, 1]]
[[15, 23, 75, 83, 29, 57, 105, 177, 209, 225, 46, 150, 166, 106, 210, 226, 60, 180], [1, 1, 1, 1, 1, 2, 2, 1]]
[[15, 23, 75, 83, 29, 57, 105, 177, 209, 225, 46, 150, 166, 106, 210, 226, 60, 180], [1, 1, 2, 1, 1, 1, 1, 2]]
[[15, 23, 75, 83, 29, 57, 105, 177, 209, 225, 46, 150, 166, 106, 210, 226, 60, 180], [2, 1, 2, 1, 1, 1, 1, 1]]
[[15, 23, 75, 83, 29, 57, 105, 177, 209, 225, 46, 150, 166, 106, 210, 226, 60, 180], [1, 1, 1, 3, 1, 1, 1, 1]]
[[15, 23, 75, 83, 29, 57, 105, 177, 209, 225, 46, 150, 166, 106, 210, 226, 60, 180], [1, 2, 1, 2, 1, 1, 1, 1]]
[[15, 23, 75, 83, 29, 57, 105, 177, 209, 225, 46, 150, 166, 106, 210, 226, 60, 180], [1, 1, 3, 1, 1, 1, 1, 1]]
[[15, 23, 75, 83, 29, 57, 105, 177, 209, 225, 46, 150, 166, 106, 210, 226, 60, 180], [2, 1, 1, 1, 1, 2, 1, 1]]
[[15, 23, 75, 83, 29, 57, 105, 177, 209, 225, 46, 150, 166, 106, 210, 226, 60, 180], [1, 1, 1, 1, 1, 1, 3, 1]]
[[15, 23, 75, 83, 29, 57, 105, 177, 209, 225, 46, 150, 166, 106, 210, 226, 60, 180], [1, 2, 1, 1, 1, 1, 1, 2]]
[[15, 23, 75, 83, 29, 57, 105, 177, 209, 225, 46, 150, 166, 106, 210, 226, 60, 180], [1, 2, 1, 1, 2, 1, 1, 1]]
[[15, 23, 75, 83, 29, 57, 105, 177, 209, 225, 46, 150, 166, 106, 210, 226, 60, 180], [1, 1, 1, 2, 2, 1, 1, 1]]
[[15, 23, 75, 83, 29, 57, 105, 177, 209, 225, 46, 150, 166, 106, 210, 226, 60, 180], [1, 1, 1, 1, 1, 1, 1, 3]]
[[15, 23, 75, 83, 29, 57, 105, 177, 209, 225, 46, 150, 166, 106, 210, 226, 60, 180], [1, 1, 1, 2, 1, 1, 2, 1]]
[[15, 23, 75, 83, 29, 57, 105, 177, 209, 225, 46, 150, 166, 106, 210, 226, 60, 180], [2, 2, 1, 1, 1, 1, 1, 1]]
[[15, 23, 75, 83, 29, 57, 105, 177, 209, 225, 46, 150, 166, 106, 210, 226, 60, 180], [1, 1, 1, 1, 2, 1, 2, 1]]
[[15, 23, 75, 83, 29, 57, 105, 177, 209, 225, 46, 150, 166, 106, 210, 226, 60, 180], [1, 1, 1, 1, 2, 2, 1, 1]]
[[15, 23, 75, 83, 29, 57, 105, 177, 209, 225, 46, 150, 166, 106, 210, 226, 60, 180], [2, 1, 1, 1, 1, 1, 1, 2]]
[[15, 23, 75, 83, 29, 57, 105, 177, 209, 225, 46, 150, 166, 106, 210, 226, 60, 180], [1, 1, 2, 1, 1, 2, 1, 1]]
[[15, 23, 75, 83, 29, 57, 105, 177, 209, 225, 46, 150, 166, 106, 210, 226, 60, 180], [1, 1, 1, 2, 1, 1, 1, 2]]
[[15, 23, 75, 83, 29, 57, 105, 177, 209, 225, 46, 150, 166, 106, 210, 226, 60, 180], [2, 1, 2, 1, 1, 2, 1, 1]]
[[15, 23, 75, 83, 29, 57, 105, 177, 209, 225, 46, 150, 166, 106, 210, 226, 60, 180], [1, 1, 4, 1, 1, 1, 1, 1]]
[[15, 23, 75, 83, 29, 57, 105, 177, 209, 225, 46, 150, 166, 106, 210, 226, 60, 180], [1, 1, 1, 1, 2, 2, 2, 1]]
[[15, 23, 75, 83, 29, 57, 105, 177, 209, 225, 46, 150, 166, 106, 210, 226, 60, 180], [2, 2, 1, 1, 1, 1, 1, 2]]
[[15, 23, 75, 83, 29, 57, 105, 177, 209, 225, 46, 150, 166, 106, 210, 226, 60, 180], [1, 1, 1, 1, 1, 1, 1, 4]]
[[15, 23, 75, 83, 29, 57, 105, 177, 209, 225, 46, 150, 166, 106, 210, 226, 60, 180], [1, 1, 1, 4, 1, 1, 1, 1]]
[[15, 23, 75, 83, 29, 57, 105, 177, 209, 225, 46, 150, 166, 106, 210, 226, 60, 180], [1, 1, 2, 1, 1, 1, 3, 1]]
[[15, 23, 75, 83, 29, 57, 105, 177, 209, 225, 46, 150, 166, 106, 210, 226, 60, 180], [1, 2, 1, 2, 2, 1, 1, 1]]
[[15, 23, 75, 83, 29, 57, 105, 177, 209, 225, 46, 150, 166, 106, 210, 226, 60, 180], [1, 1, 1, 2, 1, 1, 1, 3]]
[[15, 23, 75, 83, 29, 57, 105, 177, 209, 225, 46, 150, 166, 106, 210, 226, 60, 180], [2, 1, 2, 1, 1, 1, 1, 2]]
[[15, 23, 75, 83, 29, 57, 105, 177, 209, 225, 46, 150, 166, 106, 210, 226, 60, 180], [1, 1, 1, 3, 1, 1, 1, 2]]
[[15, 23, 75, 83, 29, 57, 105, 177, 209, 225, 46, 150, 166, 106, 210, 226, 60, 180], [1, 1, 3, 1, 1, 1, 2, 1]]
[[15, 23, 75, 83, 29, 57, 105, 177, 209, 225, 46, 150, 166, 106, 210, 226, 60, 180], [1, 1, 1, 1, 1, 1, 4, 1]]
[[15, 23, 75, 83, 29, 57, 105, 177, 209, 225, 46, 150, 166, 106, 210, 226, 60, 180], [1, 1, 1, 2, 2, 1, 2, 1]]
[[15, 23, 75, 83, 29, 57, 105, 177, 209, 225, 46, 150, 166, 106, 210, 226, 60, 180], [1, 1, 4, 1, 1, 1, 2, 1]]
[[15, 23, 75, 83, 29, 57, 105, 177, 209, 225, 46, 150, 166, 106, 210, 226, 60, 180], [1, 1, 1, 3, 1, 1, 1, 3]]
[[15, 23, 75, 83, 29, 57, 105, 177, 209, 225, 46, 150, 166, 106, 210, 226, 60, 180], [1, 1, 1, 2, 1, 1, 1, 4]]
[[15, 23, 75, 83, 29, 57, 105, 177, 209, 225, 46, 150, 166, 106, 210, 226, 60, 180], [1, 1, 3, 1, 1, 1, 3, 1]]
[[15, 23, 75, 83, 29, 57, 105, 177, 209, 225, 46, 150, 166, 106, 210, 226, 60, 180], [1, 1, 1, 4, 1, 1, 1, 2]]
[[15, 23, 75, 83, 29, 57, 105, 177, 209, 225, 46, 150, 166, 106, 210, 226, 60, 180], [1, 1, 2, 1, 1, 1, 4, 1]]
[[15, 23, 75, 83, 29, 57, 105, 177, 209, 225, 46, 150, 166, 106, 210, 226, 60, 180], [1, 1, 3, 1, 1, 1, 4, 1]]
[[15, 23, 75, 83, 29, 57, 105, 177, 209, 225, 46, 150, 166, 106, 210, 226, 60, 180], [1, 1, 4, 1, 1, 1, 3, 1]]
[[15, 23, 75, 83, 29, 57, 105, 177, 209, 225, 46, 150, 166, 106, 210, 226, 60, 180], [1, 1, 1, 3, 1, 1, 1, 4]]
[[15, 23, 75, 83, 29, 57, 105, 177, 209, 225, 46, 150, 166, 106, 210, 226, 60, 180], [1, 1, 1, 4, 1, 1, 1, 3]]
[[15, 23, 75, 83, 29, 57, 105, 177, 209, 225, 46, 150, 166, 106, 210, 226, 60, 180], [1, 1, 1, 4, 1, 1, 1, 4]]
[[15, 23, 75, 83, 29, 57, 105, 177, 209, 225, 46, 150, 166, 106, 210, 226, 60, 180], [1, 1, 4, 1, 1, 1, 4, 1]]
[[15, 23, 43, 51, 77, 85, 57, 89, 46, 150, 166, 178, 60, 92, 180], [1, 1, 1, 1, 1, 1, 1, 1]]
[[15, 23, 43, 51, 77, 85, 57, 89, 46, 150, 166, 178, 60, 92, 180], [1, 1, 1, 1, 1, 1, 1, 2]]
[[15, 23, 43, 51, 77, 85, 57, 89, 46, 150, 166, 178, 60, 92, 180], [2, 1, 1, 1, 1, 1, 1, 1]]
[[15, 23, 43, 51, 77, 85, 57, 89, 46, 150, 166, 178, 60, 92, 180], [1, 1, 1, 2, 1, 1, 1, 1]]
[[15, 23, 43, 51, 77, 85, 57, 89, 46, 150, 166, 178, 60, 92, 180], [1, 2, 1, 1, 1, 1, 1, 1]]
[[15, 23, 43, 51, 77, 85, 57, 89, 46, 150, 166, 178, 60, 92, 180], [1, 1, 1, 1, 1, 2, 1, 1]]
[[15, 23, 43, 51, 77, 85, 57, 89, 46, 150, 166, 178, 60, 92, 180], [1, 1, 2, 1, 1, 1, 1, 1]]
[[15, 23, 43, 51, 77, 85, 57, 89, 46, 150, 166, 178, 60, 92, 180], [1, 1, 1, 1, 2, 1, 1, 1]]
[[15, 23, 43, 51, 77, 85, 57, 89, 46, 150, 166, 178, 60, 92, 180], [1, 1, 1, 1, 1, 1, 2, 1]]
[[15, 23, 43, 51, 77, 85, 57, 89, 46, 150, 166, 178, 60, 92, 180], [1, 1, 2, 1, 1, 1, 2, 1]]
[[15, 23, 43, 51, 77, 85, 57, 89, 46, 150, 166, 178, 60, 92, 180], [1, 1, 1, 1, 1, 2, 2, 1]]
[[15, 23, 43, 51, 77, 85, 57, 89, 46, 150, 166, 178, 60, 92, 180], [1, 1, 2, 1, 1, 1, 1, 2]]
[[15, 23, 43, 51, 77, 85, 57, 89, 46, 150, 166, 178, 60, 92, 180], [2, 1, 2, 1, 1, 1, 1, 1]]
[[15, 23, 43, 51, 77, 85, 57, 89, 46, 150, 166, 178, 60, 92, 180], [1, 2, 1, 2, 1, 1, 1, 1]]
[[15, 23, 43, 51, 77, 85, 57, 89, 46, 150, 166, 178, 60, 92, 180], [2, 1, 1, 2, 1, 1, 1, 1]]
[[15, 23, 43, 51, 77, 85, 57, 89, 46, 150, 166, 178, 60, 92, 180], [1, 2, 1, 1, 1, 2, 1, 1]]
[[15, 23, 43, 51, 77, 85, 57, 89, 46, 150, 166, 178, 60, 92, 180], [2, 1, 1, 1, 2, 1, 1, 1]]
[[15, 23, 43, 51, 77, 85, 57, 89, 46, 150, 166, 178, 60, 92, 180], [1, 2, 1, 1, 1, 1, 2, 1]]
[[15, 23, 43, 51, 77, 85, 57, 89, 46, 150, 166, 178, 60, 92, 180], [2, 1, 1, 1, 1, 2, 1, 1]]
[[15, 23, 43, 51, 77, 85, 57, 89, 46, 150, 166, 178, 60, 92, 180], [1, 2, 1, 1, 2, 1, 1, 1]]
[[15, 23, 43, 51, 77, 85, 57, 89, 46, 150, 166, 178, 60, 92, 180], [1, 1, 1, 2, 2, 1, 1, 1]]
[[15, 23, 43, 51, 77, 85, 57, 89, 46, 150, 166, 178, 60, 92, 180], [1, 1, 1, 1, 2, 1, 2, 1]]
[[15, 23, 43, 51, 77, 85, 57, 89, 46, 150, 166, 178, 60, 92, 180], [1, 1, 1, 1, 2, 2, 1, 1]]
[[15, 23, 43, 51, 77, 85, 57, 89, 46, 150, 166, 178, 60, 92, 180], [2, 1, 1, 1, 1, 1, 1, 2]]
[[15, 23, 43, 51, 77, 85, 57, 89, 46, 150, 166, 178, 60, 92, 180], [1, 1, 2, 1, 2, 1, 1, 1]]
[[15, 23, 43, 51, 77, 85, 57, 89, 46, 150, 166, 178, 60, 92, 180], [1, 2, 2, 1, 1, 1, 1, 1]]
[[15, 23, 43, 51, 77, 85, 57, 89, 46, 150, 166, 178, 60, 92, 180], [1, 1, 1, 1, 2, 1, 1, 2]]
[[15, 23, 43, 51, 77, 85, 57, 89, 46, 150, 166, 178, 60, 92, 180], [1, 1, 2, 2, 1, 1, 1, 1]]
[[15, 23, 43, 51, 77, 85, 57, 89, 46, 150, 166, 178, 60, 92, 180], [1, 1, 2, 1, 1, 2, 1, 1]]
[[15, 23, 43, 51, 77, 85, 57, 89, 46, 150, 166, 178, 60, 92, 180], [1, 1, 1, 2, 1, 1, 1, 2]]
[[15, 23, 43, 51, 77, 85, 57, 89, 46, 150, 166, 178, 60, 92, 180], [2, 1, 2, 1, 1, 2, 1, 1]]
[[15, 23, 43, 51, 77, 85, 57, 89, 46, 150, 166, 178, 60, 92, 180], [2, 1, 2, 1, 2, 1, 1, 1]]
[[15, 23, 43, 51, 77, 85, 57, 89, 46, 150, 166, 178, 60, 92, 180], [1, 2, 1, 1, 2, 1, 2, 1]]
[[15, 23, 43, 51, 77, 85, 57, 89, 46, 150, 166, 178, 60, 92, 180], [1, 1, 1, 2, 2, 1, 1, 2]]
[[15, 23, 43, 51, 77, 85, 57, 89, 46, 150, 166, 178, 60, 92, 180], [1, 1, 1, 1, 2, 2, 2, 1]]
[[15, 23, 43, 51, 77, 85, 57, 89, 46, 150, 166, 178, 60, 92, 180], [1, 2, 2, 1, 1, 1, 2, 1]]
[[15, 23, 43, 51, 77, 85, 57, 89, 46, 150, 166, 178, 60, 92, 180], [2, 1, 1, 2, 2, 1, 1, 1]]
[[15, 23, 43, 51, 77, 85, 57, 89, 46, 150, 166, 178, 60, 92, 180], [1, 1, 2, 1, 2, 1, 1, 2]]
[[15, 23, 43, 51, 77, 85, 57, 89, 46, 150, 166, 178, 60, 92, 180], [1, 2, 1, 1, 1, 2, 2, 1]]
[[15, 23, 43, 51, 77, 85, 57, 89, 46, 150, 166, 178, 60, 92, 180], [1, 1, 2, 1, 2, 1, 2, 1]]
[[15, 23, 43, 51, 77, 85, 57, 89, 46, 150, 166, 178, 60, 92, 180], [1, 1, 2, 2, 2, 1, 1, 1]]
[[15, 23, 43, 51, 77, 85, 57, 89, 46, 150, 166, 178, 60, 92, 180], [2, 1, 2, 2, 1, 1, 1, 1]]
[[15, 23, 43, 51, 77, 85, 57, 89, 46, 150, 166, 178, 60, 92, 180], [1, 1, 2, 2, 1, 1, 1, 2]]
[[15, 23, 43, 51, 77, 85, 57, 89, 46, 150, 166, 178, 60, 92, 180], [1, 2, 1, 2, 2, 1, 1, 1]]
[[15, 23, 43, 51, 77, 85, 57, 89, 46, 150, 166, 178, 60, 92, 180], [1, 1, 2, 1, 1, 2, 2, 1]]
[[15, 23, 43, 51, 77, 85, 57, 89, 46, 150, 166, 178, 60, 92, 180], [1, 2, 1, 1, 2, 2, 1, 1]]
[[15, 23, 43, 51, 77, 85, 57, 89, 46, 150, 166, 178, 60, 92, 180], [1, 2, 2, 1, 2, 1, 1, 1]]
[[15, 23, 43, 51, 77, 85, 57, 89, 46, 150, 166, 178, 60, 92, 180], [2, 1, 2, 1, 1, 1, 1, 2]]
[[15, 23, 43, 51, 77, 85, 57, 89, 46, 150, 166, 178, 60, 92, 180], [2, 1, 1, 2, 1, 1, 1, 2]]
[[15, 23, 43, 51, 77, 85, 57, 89, 46, 150, 166, 178, 60, 92, 180], [1, 1, 2, 1, 2, 2, 1, 1]]
[[15, 23, 43, 51, 77, 85, 57, 89, 46, 150, 166, 178, 60, 92, 180], [1, 2, 2, 1, 1, 2, 1, 1]]
[[15, 23, 43, 51, 77, 85, 57, 89, 46, 150, 166, 178, 60, 92, 180], [2, 1, 1, 1, 2, 1, 1, 2]]
[[15, 23, 43, 51, 77, 85, 57, 89, 46, 150, 166, 178, 60, 92, 180], [2, 1, 2, 1, 2, 1, 1, 2]]
[[15, 23, 43, 51, 77, 85, 57, 89, 46, 150, 166, 178, 60, 92, 180], [1, 2, 2, 1, 2, 1, 2, 1]]
[[15, 23, 43, 51, 77, 85, 57, 89, 46, 150, 166, 178, 60, 92, 180], [1, 2, 2, 1, 1, 2, 2, 1]]
[[15, 23, 43, 51, 77, 85, 57, 89, 46, 150, 166, 178, 60, 92, 180], [1, 2, 2, 1, 2, 2, 1, 1]]
[[15, 23, 43, 51, 77, 85, 57, 89, 46, 150, 166, 178, 60, 92, 180], [1, 2, 1, 1, 2, 2, 2, 1]]
[[15, 23, 43, 51, 77, 85, 57, 89, 46, 150, 166, 178, 60, 92, 180], [2, 1, 1, 2, 2, 1, 1, 2]]
[[15, 23, 43, 51, 77, 85, 57, 89, 46, 150, 166, 178, 60, 92, 180], [1, 1, 2, 1, 2, 2, 2, 1]]
[[15, 23, 43, 51, 77, 85, 57, 89, 46, 150, 166, 178, 60, 92, 180], [2, 1, 2, 2, 1, 1, 1, 2]]
[[15, 23, 43, 51, 77, 85, 57, 89, 46, 150, 166, 178, 60, 92, 180], [2, 1, 2, 2, 2, 1, 1, 1]]
[[15, 23, 43, 51, 77, 85, 57, 89, 46, 150, 166, 178, 60, 92, 180], [1, 1, 2, 2, 2, 1, 1, 2]]
[[15, 23, 43, 51, 77, 85, 57, 89, 46, 150, 166, 178, 60, 92, 180], [2, 1, 2, 2, 2, 1, 1, 2]]
[[15, 23, 43, 51, 77, 85, 57, 89, 46, 150, 166, 178, 60, 92, 180], [1, 2, 2, 1, 2, 2, 2, 1]]
[[15, 71, 139, 195, 29, 53, 101, 89, 201, 113, 30, 150, 102, 166, 154, 226, 180, 216, 240], [1, 1, 1, 1, 1, 1, 1, 1]]
[[15, 71, 139, 195, 29, 53, 101, 89, 201, 113, 30, 150, 102, 166, 154, 226, 180, 216, 240], [1, 1, 1, 1, 1, 1, 1, 2]]
[[15, 71, 139, 195, 29, 53, 101, 89, 201, 113, 30, 150, 102, 166, 154, 226, 180, 216, 240], [2, 1, 1, 1, 1, 1, 1, 1]]
[[15, 71, 139, 195, 29, 53, 101, 89, 201, 113, 30, 150, 102, 166, 154, 226, 180, 216, 240], [1, 2, 1, 1, 1, 1, 1, 1]]
[[15, 71, 139, 195, 29, 53, 101, 89, 201, 113, 30, 150, 102, 166, 154, 226, 180, 216, 240], [1, 1, 2, 1, 1, 1, 1, 1]]
[[15, 71, 139, 195, 29, 53, 101, 89, 201, 113, 30, 150, 102, 166, 154, 226, 180, 216, 240], [1, 1, 1, 1, 1, 1, 2, 1]]
[[15, 71, 139, 195, 29, 53, 101, 89, 201, 113, 30, 150, 102, 166, 154, 226, 180, 216, 240], [1, 1, 2, 1, 1, 1, 2, 1]]
[[15, 71, 139, 195, 29, 53, 101, 89, 201, 113, 30, 150, 102, 166, 154, 226, 180, 216, 240], [1, 1, 2, 1, 1, 1, 1, 2]]
[[15, 71, 139, 195, 29, 53, 101, 89, 201, 113, 30, 150, 102, 166, 154, 226, 180, 216, 240], [1, 1, 1, 1, 1, 1, 2, 2]]
[[15, 71, 139, 195, 29, 53, 101, 89, 201, 113, 30, 150, 102, 166, 154, 226, 180, 216, 240], [1, 1, 2, 1, 1, 1, 2, 2]]
[[15, 39, 27, 147, 163, 29, 85, 101, 113, 177, 46, 154, 170, 92, 108, 216, 232, 240], [1, 1, 1, 1, 1, 1, 1, 1]]
[[15, 135, 139, 77, 53, 149, 101, 89, 153, 113, 46, 54, 150, 170, 114, 210, 226, 108, 216, 232], [1, 1, 1, 1, 1, 1, 1, 1]]
[[15, 135, 139, 77, 53, 149, 101, 89, 153, 113, 46, 54, 150, 170, 114, 210, 226, 108, 216, 232], [1, 1, 1, 1, 1, 1, 1, 2]]
[[15, 135, 139, 77, 53, 149, 101, 89, 153, 113, 46, 54, 150, 170, 114, 210, 226, 108, 216, 232], [2, 1, 1, 1, 1, 1, 1, 1]]
[[15, 135, 139, 77, 53, 149, 101, 89, 153, 113, 46, 54, 150, 170, 114, 210, 226, 108, 216, 232], [1, 2, 1, 1, 1, 1, 1, 1]]
[[15, 135, 139, 77, 53, 149, 101, 89, 153, 113, 46, 54, 150, 170, 114, 210, 226, 108, 216, 232], [1, 1, 1, 1, 1, 2, 1, 1]]
[[15, 135, 139, 77, 53, 149, 101, 89, 153, 113, 46, 54, 150, 170, 114, 210, 226, 108, 216, 232], [1, 1, 2, 1, 1, 1, 1, 1]]
[[15, 135, 139, 77, 53, 149, 101, 89, 153, 113, 46, 54, 150, 170, 114, 210, 226, 108, 216, 232], [1, 1, 1, 1, 1, 1, 2, 1]]
[[15, 135, 139, 77, 53, 149, 101, 89, 153, 113, 46, 54, 150, 170, 114, 210, 226, 108, 216, 232], [1, 1, 2, 1, 1, 1, 2, 1]]
[[15, 135, 139, 77, 53, 149, 101, 89, 153, 113, 46, 54, 150, 170, 114, 210, 226, 108, 216, 232], [1, 1, 1, 1, 1, 2, 1, 2]]
[[15, 135, 139, 77, 53, 149, 101, 89, 153, 113, 46, 54, 150, 170, 114, 210, 226, 108, 216, 232], [1, 1, 2, 1, 1, 1, 1, 2]]
[[15, 135, 139, 77, 53, 149, 101, 89, 153, 113, 46, 54, 150, 170, 114, 210, 226, 108, 216, 232], [1, 2, 1, 1, 1, 1, 2, 1]]
[[15, 135, 139, 77, 53, 149, 101, 89, 153, 113, 46, 54, 150, 170, 114, 210, 226, 108, 216, 232], [2, 1, 1, 1, 1, 2, 1, 1]]
[[15, 135, 139, 77, 53, 149, 101, 89, 153, 113, 46, 54, 150, 170, 114, 210, 226, 108, 216, 232], [2, 2, 1, 1, 1, 1, 1, 1]]
[[15, 135, 139, 77, 53, 149, 101, 89, 153, 113, 46, 54, 150, 170, 114, 210, 226, 108, 216, 232], [1, 2, 2, 1, 1, 1, 1, 1]]
[[15, 135, 139, 77, 53, 149, 101, 89, 153, 113, 46, 54, 150, 170, 114, 210, 226, 108, 216, 232], [1, 2, 1, 1, 1, 2, 1, 1]]
[[15, 135, 139, 77, 53, 149, 101, 89, 153, 113, 46, 54, 150, 170, 114, 210, 226, 108, 216, 232], [1, 1, 2, 1, 1, 2, 1, 1]]
[[15, 135, 139, 77, 53, 149, 101, 89, 153, 113, 46, 54, 150, 170, 114, 210, 226, 108, 216, 232], [2, 2, 1, 1, 1, 2, 1, 1]]
[[15, 135, 139, 77, 53, 149, 101, 89, 153, 113, 46, 54, 150, 170, 114, 210, 226, 108, 216, 232], [1, 2, 2, 1, 1, 1, 2, 1]]
[[15, 135, 139, 77, 53, 149, 101, 89, 153, 113, 46, 54, 150, 170, 114, 210, 226, 108, 216, 232], [1, 1, 2, 1, 1, 2, 1, 2]]
[[15, 135, 139, 77, 197, 89, 153, 113, 177, 225, 30, 86, 102, 166, 58, 170, 114, 92, 228, 184], [1, 1, 1, 1, 1, 1, 1, 1]]
[[15, 135, 139, 77, 197, 89, 153, 113, 177, 225, 30, 86, 102, 166, 58, 170, 114, 92, 228, 184], [1, 1, 1, 2, 1, 1, 1, 1]]
[[15, 39, 27, 83, 163, 195, 29, 53, 113, 225, 30, 150, 166, 210, 116, 212, 228], [1, 1, 1, 1, 1, 1, 1, 1]]
[[15, 135, 139, 29, 85, 197, 57, 105, 201, 113, 30, 86, 102, 166, 58, 170, 114, 228, 232], [1, 1, 1, 1, 1, 1, 1, 1]]
[[15, 135, 139, 29, 85, 197, 57, 105, 201, 113, 30, 86, 102, 166, 58, 170, 114, 228, 232], [2, 1, 1, 1, 1, 1, 1, 1]]
[[15, 135, 139, 29, 85, 197, 57, 105, 201, 113, 30, 86, 102, 166, 58, 170, 114, 228, 232], [1, 1, 1, 2, 1, 1, 1, 1]]
[[15, 135, 139, 29, 85, 197, 57, 105, 201, 113, 30, 86, 102, 166, 58, 170, 114, 228, 232], [1, 2, 1, 1, 1, 1, 1, 1]]
[[15, 135, 139, 29, 85, 197, 57, 105, 201, 113, 30, 86, 102, 166, 58, 170, 114, 228, 232], [1, 1, 1, 1, 1, 2, 1, 1]]
[[15, 135, 139, 29, 85, 197, 57, 105, 201, 113, 30, 86, 102, 166, 58, 170, 114, 228, 232], [1, 1, 2, 1, 1, 1, 1, 1]]
[[15, 135, 139, 29, 85, 197, 57, 105, 201, 113, 30, 86, 102, 166, 58, 170, 114, 228, 232], [1, 1, 1, 1, 1, 1, 2, 1]]
[[15, 135, 139, 29, 85, 197, 57, 105, 201, 113, 30, 86, 102, 166, 58, 170, 114, 228, 232], [1, 1, 2, 1, 1, 1, 2, 1]]
[[15, 135, 139, 29, 85, 197, 57, 105, 201, 113, 30, 86, 102, 166, 58, 170, 114, 228, 232], [2, 1, 2, 1, 1, 1, 1, 1]]
[[15, 135, 139, 29, 85, 197, 57, 105, 201, 113, 30, 86, 102, 166, 58, 170, 114, 228, 232], [1, 2, 1, 2, 1, 1, 1, 1]]
[[15, 135, 139, 29, 85, 197, 57, 105, 201, 113, 30, 86, 102, 166, 58, 170, 114, 228, 232], [1, 1, 1, 2, 1, 2, 1, 1]]
[[15, 135, 139, 29, 85, 197, 57, 105, 201, 113, 30, 86, 102, 166, 58, 170, 114, 228, 232], [1, 2, 1, 1, 1, 1, 2, 1]]
[[15, 135, 139, 29, 85, 197, 57, 105, 201, 113, 30, 86, 102, 166, 58, 170, 114, 228, 232], [2, 1, 1, 1, 1, 2, 1, 1]]
[[15, 135, 139, 29, 85, 197, 57, 105, 201, 113, 30, 86, 102, 166, 58, 170, 114, 228, 232], [2, 1, 1, 1, 1, 1, 2, 1]]
[[15, 135, 139, 29, 85, 197, 57, 105, 201, 113, 30, 86, 102, 166, 58, 170, 114, 228, 232], [1, 1, 2, 2, 1, 1, 1, 1]]
[[15, 135, 139, 29, 85, 197, 57, 105, 201, 113, 30, 86, 102, 166, 58, 170, 114, 228, 232], [1, 1, 1, 2, 1, 1, 2, 1]]
[[15, 135, 139, 29, 85, 197, 57, 105, 201, 113, 30, 86, 102, 166, 58, 170, 114, 228, 232], [2, 2, 1, 1, 1, 1, 1, 1]]
[[15, 135, 139, 29, 85, 197, 57, 105, 201, 113, 30, 86, 102, 166, 58, 170, 114, 228, 232], [1, 2, 1, 1, 1, 2, 1, 1]]
[[15, 135, 139, 29, 85, 197, 57, 105, 201, 113, 30, 86, 102, 166, 58, 170, 114, 228, 232], [1, 1, 2, 1, 1, 2, 1, 1]]
[[15, 135, 139, 29, 85, 197, 57, 105, 201, 113, 30, 86, 102, 166, 58, 170, 114, 228, 232], [2, 1, 2, 1, 1, 2, 1, 1]]
[[15, 135, 139, 29, 85, 197, 57, 105, 201, 113, 30, 86, 102, 166, 58, 170, 114, 228, 232], [2, 2, 1, 1, 1, 2, 1, 1]]
[[15, 135, 139, 29, 85, 197, 57, 105, 201, 113, 30, 86, 102, 166, 58, 170, 114, 228, 232], [1, 2, 1, 2, 1, 1, 2, 1]]
[[15, 135, 139, 29, 85, 197, 57, 105, 201, 113, 30, 86, 102, 166, 58, 170, 114, 228, 232], [1, 1, 2, 2, 1, 1, 2, 1]]
[[15, 135, 139, 29, 85, 197, 57, 105, 201, 113, 30, 86, 102, 166, 58, 170, 114, 228, 232], [1, 1, 2, 2, 1, 2, 1, 1]]
[[15, 135, 139, 29, 85, 197, 57, 105, 201, 113, 30, 86, 102, 166, 58, 170, 114, 228, 232], [2, 2, 1, 1, 1, 1, 2, 1]]
[[15, 135, 139, 29, 149, 57, 105, 201, 113, 209, 46, 86, 150, 102, 170, 210, 226, 60, 116, 232], [1, 1, 1, 1, 1, 1, 1, 1]]
[[15, 135, 139, 29, 149, 57, 105, 201, 113, 209, 46, 86, 150, 102, 170, 210, 226, 60, 116, 232], [1, 1, 1, 2, 1, 1, 1, 1]]
[[15, 135, 139, 29, 149, 57, 105, 201, 113, 209, 46, 86, 150, 102, 170, 210, 226, 60, 116, 232], [1, 2, 1, 1, 1, 1, 1, 1]]
[[15, 135, 139, 29, 149, 57, 105, 201, 113, 209, 46, 86, 150, 102, 170, 210, 226, 60, 116, 232], [1, 1, 1, 1, 1, 2, 1, 1]]
[[15, 135, 139, 29, 149, 57, 105, 201, 113, 209, 46, 86, 150, 102, 170, 210, 226, 60, 116, 232], [1, 1, 2, 1, 1, 1, 1, 1]]
