[[7, 11, 37, 73, 97, 22, 26, 28, 44, 104], [1, 1, 1, 1, 1, 1, 1]]
[[7, 11, 37, 73, 97, 22, 26, 28, 44, 104], [2, 1, 1, 1, 1, 1, 1]]
[[7, 11, 37, 73, 97, 22, 26, 28, 44, 104], [1, 1, 1, 1, 1, 2, 1]]
[[7, 11, 37, 73, 97, 22, 26, 28, 44, 104], [1, 1, 1, 1, 1, 1, 2]]
[[7, 11, 37, 73, 97, 22, 26, 28, 44, 104], [1, 1, 2, 1, 1, 1, 1]]
[[7, 11, 37, 73, 97, 22, 26, 28, 44, 104], [1, 1, 1, 2, 1, 1, 1]]
[[7, 11, 37, 73, 97, 22, 26, 28, 44, 104], [1, 2, 1, 1, 1, 1, 1]]
[[7, 11, 37, 73, 97, 22, 26, 28, 44, 104], [1, 1, 1, 1, 2, 1, 1]]
[[7, 11, 37, 73, 97, 22, 26, 28, 44, 104], [1, 1, 1, 1, 3, 1, 1]]
[[7, 11, 37, 73, 97, 22, 26, 28, 44, 104], [1, 1, 1, 2, 1, 1, 2]]
[[7, 11, 37, 73, 97, 22, 26, 28, 44, 104], [1, 1, 1, 1, 2, 1, 2]]
[[7, 11, 37, 73, 97, 22, 26, 28, 44, 104], [1, 2, 2, 1, 1, 1, 1]]
[[7, 11, 37, 73, 97, 22, 26, 28, 44, 104], [1, 1, 2, 1, 1, 1, 2]]
[[7, 11, 37, 73, 97, 22, 26, 28, 44, 104], [1, 1, 1, 2, 2, 1, 1]]
[[7, 11, 37, 73, 97, 22, 26, 28, 44, 104], [1, 1, 1, 1, 1, 1, 3]]
[[7, 11, 37, 73, 97, 22, 26, 28, 44, 104], [1, 1, 2, 2, 1, 1, 1]]
[[7, 11, 37, 73, 97, 22, 26, 28, 44, 104], [1, 1, 3, 1, 1, 1, 1]]
[[7, 11, 37, 73, 97, 22, 26, 28, 44, 104], [1, 1, 1, 2, 1, 2, 1]]
[[7, 11, 37, 73, 97, 22, 26, 28, 44, 104], [2, 1, 1, 2, 1, 1, 1]]
[[7, 11, 37, 73, 97, 22, 26, 28, 44, 104], [1, 2, 1, 1, 1, 2, 1]]
[[7, 11, 37, 73, 97, 22, 26, 28, 44, 104], [2, 1, 1, 1, 2, 1, 1]]
[[7, 11, 37, 73, 97, 22, 26, 28, 44, 104], [3, 1, 1, 1, 1, 1, 1]]
[[7, 11, 37, 73, 97, 22, 26, 28, 44, 104], [1, 2, 1, 1, 1, 1, 2]]
[[7, 11, 37, 73, 97, 22, 26, 28, 44, 104], [2, 1, 2, 1, 1, 1, 1]]
[[7, 11, 37, 73, 97, 22, 26, 28, 44, 104], [2, 1, 1, 1, 1, 2, 1]]
[[7, 11, 37, 73, 97, 22, 26, 28, 44, 104], [1, 1, 1, 1, 2, 2, 1]]
[[7, 11, 37, 73, 97, 22, 26, 28, 44, 104], [1, 1, 2, 1, 2, 1, 1]]
[[7, 11, 37, 73, 97, 22, 26, 28, 44, 104], [1, 1, 1, 3, 1, 1, 1]]
[[7, 11, 37, 73, 97, 22, 26, 28, 44, 104], [2, 2, 1, 1, 1, 1, 1]]
[[7, 11, 37, 73, 97, 22, 26, 28, 44, 104], [1, 1, 2, 1, 1, 2, 1]]
[[7, 11, 37, 73, 97, 22, 26, 28, 44, 104], [1, 2, 1, 2, 1, 1, 1]]
[[7, 11, 37, 73, 97, 22, 26, 28, 44, 104], [2, 1, 1, 1, 1, 1, 2]]
[[7, 11, 37, 73, 97, 22, 26, 28, 44, 104], [1, 1, 1, 4, 1, 1, 1]]
[[7, 11, 37, 73, 97, 22, 26, 28, 44, 104], [1, 1, 1, 1, 4, 1, 1]]
[[7, 11, 37, 73, 97, 22, 26, 28, 44, 104], [1, 1, 1, 1, 3, 2, 1]]
[[7, 11, 37, 73, 97, 22, 26, 28, 44, 104], [1, 2, 1, 3, 1, 1, 1]]
[[7, 11, 37, 73, 97, 22, 26, 28, 44, 104], [2, 1, 2, 2, 1, 1, 1]]
[[7, 11, 37, 73, 97, 22, 26, 28, 44, 104], [1, 1, 2, 3, 1, 1, 1]]
[[7, 11, 37, 73, 97, 22, 26, 28, 44, 104], [1, 1, 1, 3, 1, 1, 2]]
[[7, 11, 37, 73, 97, 22, 26, 28, 44, 104], [1, 1, 1, 2, 2, 2, 1]]
[[7, 11, 37, 73, 97, 22, 26, 28, 44, 104], [2, 1, 1, 2, 2, 1, 1]]
[[7, 11, 37, 73, 97, 22, 26, 28, 44, 104], [1, 1, 1, 2, 1, 1, 3]]
[[7, 11, 37, 73, 97, 22, 26, 28, 44, 104], [1, 1, 2, 2, 1, 2, 1]]
[[7, 11, 37, 73, 97, 22, 26, 28, 44, 104], [1, 2, 1, 2, 1, 1, 2]]
[[7, 11, 37, 73, 97, 22, 26, 28, 44, 104], [2, 1, 2, 1, 2, 1, 1]]
[[7, 11, 37, 73, 97, 22, 26, 28, 44, 104], [4, 1, 1, 1, 1, 1, 1]]
[[7, 11, 37, 73, 97, 22, 26, 28, 44, 104], [1, 2, 2, 1, 1, 1, 2]]
[[7, 11, 37, 73, 97, 22, 26, 28, 44, 104], [1, 1, 2, 1, 1, 1, 3]]
[[7, 11, 37, 73, 97, 22, 26, 28, 44, 104], [1, 1, 1, 1, 1, 1, 4]]
[[7, 11, 37, 73, 97, 22, 26, 28, 44, 104], [3, 1, 1, 2, 1, 1, 1]]
[[7, 11, 37, 73, 97, 22, 26, 28, 44, 104], [3, 1, 1, 1, 2, 1, 1]]
[[7, 11, 37, 73, 97, 22, 26, 28, 44, 104], [2, 2, 1, 1, 1, 2, 1]]
[[7, 11, 37, 73, 97, 22, 26, 28, 44, 104], [2, 2, 2, 1, 1, 1, 1]]
[[7, 11, 37, 73, 97, 22, 26, 28, 44, 104], [1, 1, 3, 1, 1, 1, 2]]
[[7, 11, 37, 73, 97, 22, 26, 28, 44, 104], [2, 1, 2, 1, 1, 2, 1]]
[[7, 11, 37, 73, 97, 22, 26, 28, 44, 104], [1, 1, 2, 2, 1, 1, 2]]
[[7, 11, 37, 73, 97, 22, 26, 28, 44, 104], [1, 1, 1, 3, 2, 1, 1]]
[[7, 11, 37, 73, 97, 22, 26, 28, 44, 104], [1, 1, 3, 2, 1, 1, 1]]
[[7, 11, 37, 73, 97, 22, 26, 28, 44, 104], [2, 1, 1, 1, 2, 1, 2]]
[[7, 11, 37, 73, 97, 22, 26, 28, 44, 104], [2, 1, 1, 1, 2, 2, 1]]
[[7, 11, 37, 73, 97, 22, 26, 28, 44, 104], [1, 1, 4, 1, 1, 1, 1]]
[[7, 11, 37, 73, 97, 22, 26, 28, 44, 104], [1, 2, 3, 1, 1, 1, 1]]
[[7, 11, 37, 73, 97, 22, 26, 28, 44, 104], [1, 1, 1, 2, 3, 1, 1]]
[[7, 11, 37, 73, 97, 22, 26, 28, 44, 104], [1, 1, 2, 1, 2, 1, 2]]
[[7, 11, 37, 73, 97, 22, 26, 28, 44, 104], [2, 1, 2, 1, 1, 1, 2]]
[[7, 11, 37, 73, 97, 22, 26, 28, 44, 104], [2, 1, 1, 1, 3, 1, 1]]
[[7, 11, 37, 73, 97, 22, 26, 28, 44, 104], [2, 2, 1, 2, 1, 1, 1]]
[[7, 11, 37, 73, 97, 22, 26, 28, 44, 104], [2, 1, 1, 2, 1, 2, 1]]
[[7, 11, 37, 73, 97, 22, 26, 28, 44, 104], [3, 1, 1, 1, 1, 2, 1]]
[[7, 11, 37, 73, 97, 22, 26, 28, 44, 104], [1, 2, 2, 2, 1, 1, 1]]
[[7, 11, 37, 73, 97, 22, 26, 28, 44, 104], [1, 2, 1, 2, 1, 2, 1]]
[[7, 11, 37, 73, 97, 22, 26, 28, 44, 104], [1, 1, 1, 3, 1, 2, 1]]
[[7, 11, 37, 73, 97, 22, 26, 28, 44, 104], [1, 2, 1, 1, 1, 1, 3]]
[[7, 11, 37, 73, 97, 22, 26, 28, 44, 104], [1, 2, 2, 1, 1, 2, 1]]
[[7, 11, 37, 73, 97, 22, 26, 28, 44, 104], [2, 1, 1, 3, 1, 1, 1]]
[[7, 11, 37, 73, 97, 22, 26, 28, 44, 104], [1, 1, 1, 2, 3, 2, 1]]
[[7, 11, 37, 73, 97, 22, 26, 28, 44, 104], [1, 1, 2, 2, 1, 1, 3]]
[[7, 11, 37, 73, 97, 22, 26, 28, 44, 104], [1, 1, 1, 4, 2, 1, 1]]
[[7, 11, 37, 73, 97, 22, 26, 28, 44, 104], [1, 1, 3, 2, 1, 1, 2]]
[[7, 11, 37, 73, 97, 22, 26, 28, 44, 104], [1, 2, 4, 1, 1, 1, 1]]
[[7, 11, 37, 73, 97, 22, 26, 28, 44, 104], [1, 1, 2, 4, 1, 1, 1]]
[[7, 11, 37, 73, 97, 22, 26, 28, 44, 104], [4, 1, 1, 2, 1, 1, 1]]
[[7, 11, 37, 73, 97, 22, 26, 28, 44, 104], [2, 1, 1, 1, 4, 1, 1]]
[[7, 11, 37, 73, 97, 22, 26, 28, 44, 104], [2, 2, 1, 3, 1, 1, 1]]
[[7, 11, 37, 73, 97, 22, 26, 28, 44, 104], [1, 1, 4, 1, 1, 1, 2]]
[[7, 11, 37, 73, 97, 22, 26, 28, 44, 104], [1, 2, 3, 1, 1, 1, 2]]
[[7, 11, 37, 73, 97, 22, 26, 28, 44, 104], [2, 1, 1, 1, 3, 2, 1]]
[[7, 11, 37, 73, 97, 22, 26, 28, 44, 104], [2, 2, 1, 2, 1, 2, 1]]
[[7, 11, 37, 73, 97, 22, 26, 28, 44, 104], [2, 1, 1, 2, 3, 1, 1]]
[[7, 11, 37, 73, 97, 22, 26, 28, 44, 104], [1, 1, 1, 2, 4, 1, 1]]
[[7, 11, 37, 73, 97, 22, 26, 28, 44, 104], [2, 1, 2, 3, 1, 1, 1]]
[[7, 11, 37, 73, 97, 22, 26, 28, 44, 104], [1, 2, 3, 2, 1, 1, 1]]
[[7, 11, 37, 73, 97, 22, 26, 28, 44, 104], [1, 1, 1, 1, 4, 2, 1]]
[[7, 11, 37, 73, 97, 22, 26, 28, 44, 104], [3, 1, 1, 1, 3, 1, 1]]
[[7, 11, 37, 73, 97, 22, 26, 28, 44, 104], [2, 1, 1, 3, 1, 2, 1]]
[[7, 11, 37, 73, 97, 22, 26, 28, 44, 104], [1, 2, 2, 2, 1, 1, 2]]
[[7, 11, 37, 73, 97, 22, 26, 28, 44, 104], [1, 2, 2, 2, 1, 2, 1]]
[[7, 11, 37, 73, 97, 22, 26, 28, 44, 104], [2, 1, 2, 2, 1, 2, 1]]
[[7, 11, 37, 73, 97, 22, 26, 28, 44, 104], [1, 1, 2, 3, 1, 2, 1]]
[[7, 11, 37, 73, 97, 22, 26, 28, 44, 104], [1, 2, 1, 1, 1, 1, 4]]
[[7, 11, 37, 73, 97, 22, 26, 28, 44, 104], [1, 1, 1, 4, 1, 1, 2]]
[[7, 11, 37, 73, 97, 22, 26, 28, 44, 104], [1, 1, 1, 4, 1, 2, 1]]
[[7, 11, 37, 73, 97, 22, 26, 28, 44, 104], [2, 1, 1, 2, 2, 2, 1]]
[[7, 11, 37, 73, 97, 22, 26, 28, 44, 104], [2, 1, 1, 4, 1, 1, 1]]
[[7, 11, 37, 73, 97, 22, 26, 28, 44, 104], [1, 1, 2, 3, 1, 1, 2]]
[[7, 11, 37, 73, 97, 22, 26, 28, 44, 104], [3, 1, 1, 1, 2, 2, 1]]
[[7, 11, 37, 73, 97, 22, 26, 28, 44, 104], [1, 2, 1, 3, 1, 1, 2]]
[[7, 11, 37, 73, 97, 22, 26, 28, 44, 104], [1, 2, 1, 3, 1, 2, 1]]
[[7, 11, 37, 73, 97, 22, 26, 28, 44, 104], [1, 2, 2, 3, 1, 1, 1]]
[[7, 11, 37, 73, 97, 22, 26, 28, 44, 104], [4, 1, 1, 1, 1, 2, 1]]
[[7, 11, 37, 73, 97, 22, 26, 28, 44, 104], [2, 2, 2, 2, 1, 1, 1]]
[[7, 11, 37, 73, 97, 22, 26, 28, 44, 104], [1, 1, 4, 2, 1, 1, 1]]
[[7, 11, 37, 73, 97, 22, 26, 28, 44, 104], [1, 2, 1, 2, 1, 1, 3]]
[[7, 11, 37, 73, 97, 22, 26, 28, 44, 104], [1, 1, 1, 3, 2, 2, 1]]
[[7, 11, 37, 73, 97, 22, 26, 28, 44, 104], [3, 1, 1, 2, 1, 2, 1]]
[[7, 11, 37, 73, 97, 22, 26, 28, 44, 104], [1, 1, 1, 2, 1, 1, 4]]
[[7, 11, 37, 73, 97, 22, 26, 28, 44, 104], [4, 1, 1, 1, 2, 1, 1]]
[[7, 11, 37, 73, 97, 22, 26, 28, 44, 104], [2, 1, 1, 3, 2, 1, 1]]
[[7, 11, 37, 73, 97, 22, 26, 28, 44, 104], [1, 2, 2, 1, 1, 1, 3]]
[[7, 11, 37, 73, 97, 22, 26, 28, 44, 104], [2, 1, 2, 1, 2, 1, 2]]
[[7, 11, 37, 73, 97, 22, 26, 28, 44, 104], [2, 2, 2, 1, 1, 2, 1]]
[[7, 11, 37, 73, 97, 22, 26, 28, 44, 104], [3, 1, 1, 2, 2, 1, 1]]
[[7, 11, 37, 73, 97, 22, 26, 28, 44, 104], [1, 2, 1, 4, 1, 1, 1]]
[[7, 11, 37, 73, 97, 22, 26, 28, 44, 104], [1, 1, 2, 1, 1, 1, 4]]
[[7, 11, 37, 73, 97, 22, 26, 28, 44, 104], [1, 1, 3, 1, 1, 1, 3]]
[[7, 11, 37, 73, 97, 22, 26, 28, 44, 104], [1, 2, 3, 2, 1, 1, 2]]
[[7, 11, 37, 73, 97, 22, 26, 28, 44, 104], [2, 1, 2, 4, 1, 1, 1]]
[[7, 11, 37, 73, 97, 22, 26, 28, 44, 104], [2, 2, 1, 4, 1, 1, 1]]
[[7, 11, 37, 73, 97, 22, 26, 28, 44, 104], [1, 2, 2, 2, 1, 1, 3]]
[[7, 11, 37, 73, 97, 22, 26, 28, 44, 104], [1, 2, 2, 3, 1, 2, 1]]
[[7, 11, 37, 73, 97, 22, 26, 28, 44, 104], [2, 2, 2, 2, 1, 2, 1]]
[[7, 11, 37, 73, 97, 22, 26, 28, 44, 104], [2, 1, 1, 2, 4, 1, 1]]
[[7, 11, 37, 73, 97, 22, 26, 28, 44, 104], [3, 1, 1, 1, 4, 1, 1]]
[[7, 11, 37, 73, 97, 22, 26, 28, 44, 104], [1, 2, 2, 3, 1, 1, 2]]
[[7, 11, 37, 73, 97, 22, 26, 28, 44, 104], [2, 1, 1, 4, 1, 2, 1]]
[[7, 11, 37, 73, 97, 22, 26, 28, 44, 104], [1, 1, 4, 2, 1, 1, 2]]
[[7, 11, 37, 73, 97, 22, 26, 28, 44, 104], [4, 1, 1, 1, 3, 1, 1]]
[[7, 11, 37, 73, 97, 22, 26, 28, 44, 104], [1, 2, 1, 4, 1, 2, 1]]
[[7, 11, 37, 73, 97, 22, 26, 28, 44, 104], [4, 1, 1, 2, 1, 2, 1]]
[[7, 11, 37, 73, 97, 22, 26, 28, 44, 104], [2, 2, 1, 3, 1, 2, 1]]
[[7, 11, 37, 73, 97, 22, 26, 28, 44, 104], [1, 2, 1, 2, 1, 1, 4]]
[[7, 11, 37, 73, 97, 22, 26, 28, 44, 104], [4, 1, 1, 1, 2, 2, 1]]
[[7, 11, 37, 73, 97, 22, 26, 28, 44, 104], [2, 1, 1, 3, 2, 2, 1]]
[[7, 11, 37, 73, 97, 22, 26, 28, 44, 104], [2, 2, 2, 3, 1, 1, 1]]
[[7, 11, 37, 73, 97, 22, 26, 28, 44, 104], [3, 1, 1, 2, 2, 2, 1]]
[[7, 11, 37, 73, 97, 22, 26, 28, 44, 104], [1, 2, 2, 1, 1, 1, 4]]
[[7, 11, 37, 73, 97, 22, 26, 28, 44, 104], [1, 2, 1, 4, 1, 1, 2]]
[[7, 11, 37, 73, 97, 22, 26, 28, 44, 104], [1, 1, 2, 2, 1, 1, 4]]
[[7, 11, 37, 73, 97, 22, 26, 28, 44, 104], [1, 1, 3, 1, 1, 1, 4]]
[[7, 11, 37, 73, 97, 22, 26, 28, 44, 104], [3, 1, 1, 2, 3, 1, 1]]
[[7, 11, 37, 73, 97, 22, 26, 28, 44, 104], [1, 1, 1, 4, 2, 2, 1]]
[[7, 11, 37, 73, 97, 22, 26, 28, 44, 104], [1, 2, 4, 2, 1, 1, 1]]
[[7, 11, 37, 73, 97, 22, 26, 28, 44, 104], [1, 1, 3, 2, 1, 1, 3]]
[[7, 11, 37, 73, 97, 22, 26, 28, 44, 104], [4, 1, 1, 2, 2, 1, 1]]
[[7, 11, 37, 73, 97, 22, 26, 28, 44, 104], [1, 1, 2, 4, 1, 2, 1]]
[[7, 11, 37, 73, 97, 22, 26, 28, 44, 104], [2, 1, 1, 1, 4, 2, 1]]
[[7, 11, 37, 73, 97, 22, 26, 28, 44, 104], [1, 2, 4, 1, 1, 1, 2]]
[[7, 11, 37, 73, 97, 22, 26, 28, 44, 104], [1, 1, 2, 4, 1, 1, 2]]
[[7, 11, 37, 73, 97, 22, 26, 28, 44, 104], [2, 1, 1, 4, 2, 1, 1]]
[[7, 11, 37, 73, 97, 22, 26, 28, 44, 104], [1, 2, 3, 1, 1, 1, 3]]
[[7, 11, 37, 73, 97, 22, 26, 28, 44, 104], [3, 1, 1, 1, 3, 2, 1]]
[[7, 11, 37, 73, 97, 22, 26, 28, 44, 104], [2, 1, 2, 3, 1, 2, 1]]
[[7, 11, 37, 73, 97, 22, 26, 28, 44, 104], [1, 1, 4, 1, 1, 1, 3]]
[[7, 11, 37, 73, 97, 22, 26, 28, 44, 104], [2, 1, 1, 2, 3, 2, 1]]
[[7, 11, 37, 73, 97, 22, 26, 28, 44, 104], [1, 1, 1, 2, 4, 2, 1]]
[[7, 11, 37, 73, 97, 22, 26, 28, 44, 104], [1, 2, 2, 4, 1, 1, 1]]
[[7, 11, 37, 73, 97, 22, 26, 28, 44, 104], [4, 1, 1, 1, 4, 1, 1]]
[[7, 11, 37, 73, 97, 22, 26, 28, 44, 104], [1, 1, 4, 2, 1, 1, 3]]
[[7, 11, 37, 73, 97, 22, 26, 28, 44, 104], [3, 1, 1, 2, 4, 1, 1]]
[[7, 11, 37, 73, 97, 22, 26, 28, 44, 104], [2, 1, 1, 4, 2, 2, 1]]
[[7, 11, 37, 73, 97, 22, 26, 28, 44, 104], [4, 1, 1, 1, 3, 2, 1]]
[[7, 11, 37, 73, 97, 22, 26, 28, 44, 104], [4, 1, 1, 2, 2, 2, 1]]
[[7, 11, 37, 73, 97, 22, 26, 28, 44, 104], [3, 1, 1, 2, 3, 2, 1]]
[[7, 11, 37, 73, 97, 22, 26, 28, 44, 104], [1, 2, 4, 2, 1, 1, 2]]
[[7, 11, 37, 73, 97, 22, 26, 28, 44, 104], [1, 1, 3, 2, 1, 1, 4]]
[[7, 11, 37, 73, 97, 22, 26, 28, 44, 104], [1, 2, 4, 1, 1, 1, 3]]
[[7, 11, 37, 73, 97, 22, 26, 28, 44, 104], [1, 2, 2, 4, 1, 2, 1]]
[[7, 11, 37, 73, 97, 22, 26, 28, 44, 104], [1, 1, 4, 1, 1, 1, 4]]
[[7, 11, 37, 73, 97, 22, 26, 28, 44, 104], [1, 2, 3, 1, 1, 1, 4]]
[[7, 11, 37, 73, 97, 22, 26, 28, 44, 104], [1, 2, 2, 4, 1, 1, 2]]
[[7, 11, 37, 73, 97, 22, 26, 28, 44, 104], [4, 1, 1, 2, 3, 1, 1]]
[[7, 11, 37, 73, 97, 22, 26, 28, 44, 104], [1, 2, 3, 2, 1, 1, 3]]
[[7, 11, 37, 73, 97, 22, 26, 28, 44, 104], [2, 1, 2, 4, 1, 2, 1]]
[[7, 11, 37, 73, 97, 22, 26, 28, 44, 104], [2, 2, 1, 4, 1, 2, 1]]
[[7, 11, 37, 73, 97, 22, 26, 28, 44, 104], [2, 1, 1, 2, 4, 2, 1]]
[[7, 11, 37, 73, 97, 22, 26, 28, 44, 104], [1, 2, 2, 2, 1, 1, 4]]
[[7, 11, 37, 73, 97, 22, 26, 28, 44, 104], [2, 2, 2, 4, 1, 1, 1]]
[[7, 11, 37, 73, 97, 22, 26, 28, 44, 104], [3, 1, 1, 1, 4, 2, 1]]
[[7, 11, 37, 73, 97, 22, 26, 28, 44, 104], [2, 2, 2, 3, 1, 2, 1]]
[[7, 11, 37, 73, 97, 22, 26, 28, 44, 104], [1, 1, 4, 2, 1, 1, 4]]
[[7, 11, 37, 73, 97, 22, 26, 28, 44, 104], [1, 2, 4, 2, 1, 1, 3]]
[[7, 11, 37, 73, 97, 22, 26, 28, 44, 104], [1, 2, 3, 2, 1, 1, 4]]
[[7, 11, 37, 73, 97, 22, 26, 28, 44, 104], [1, 2, 4, 1, 1, 1, 4]]
[[7, 11, 37, 73, 97, 22, 26, 28, 44, 104], [4, 1, 1, 2, 3, 2, 1]]
[[7, 11, 37, 73, 97, 22, 26, 28, 44, 104], [4, 1, 1, 1, 4, 2, 1]]
[[7, 11, 37, 73, 97, 22, 26, 28, 44, 104], [4, 1, 1, 2, 4, 1, 1]]
[[7, 11, 37, 73, 97, 22, 26, 28, 44, 104], [2, 2, 2, 4, 1, 2, 1]]
[[7, 11, 37, 73, 97, 22, 26, 28, 44, 104], [3, 1, 1, 2, 4, 2, 1]]
[[7, 11, 37, 73, 97, 22, 26, 28, 44, 104], [1, 2, 4, 2, 1, 1, 4]]
[[7, 11, 37, 73, 97, 22, 26, 28, 44, 104], [4, 1, 1, 2, 4, 2, 1]]
[[7, 11, 37, 73, 97, 22, 26, 52, 56, 104], [1, 1, 1, 1, 1, 1, 1]]
[[7, 11, 37, 73, 97, 22, 26, 52, 56, 104], [2, 1, 1, 1, 1, 1, 1]]
[[7, 11, 37, 73, 97, 22, 26, 52, 56, 104], [1, 1, 1, 1, 1, 2, 1]]
[[7, 11, 37, 73, 97, 22, 26, 52, 56, 104], [1, 1, 1, 1, 1, 1, 2]]
[[7, 11, 37, 73, 97, 22, 26, 52, 56, 104], [1, 1, 2, 1, 1, 1, 1]]
[[7, 11, 37, 73, 97, 22, 26, 52, 56, 104], [1, 1, 1, 2, 1, 1, 1]]
[[7, 11, 37, 73, 97, 22, 26, 52, 56, 104], [1, 2, 1, 1, 1, 1, 1]]
[[7, 11, 37, 73, 97, 22, 26, 52, 56, 104], [1, 1, 1, 1, 2, 1, 1]]
[[7, 11, 37, 73, 97, 22, 26, 52, 56, 104], [1, 1, 1, 1, 3, 1, 1]]
[[7, 11, 37, 73, 97, 22, 26, 52, 56, 104], [1, 1, 1, 1, 2, 1, 2]]
[[7, 11, 37, 73, 97, 22, 26, 52, 56, 104], [1, 2, 2, 1, 1, 1, 1]]
[[7, 11, 37, 73, 97, 22, 26, 52, 56, 104], [1, 1, 2, 1, 1, 1, 2]]
[[7, 11, 37, 73, 97, 22, 26, 52, 56, 104], [1, 1, 1, 2, 2, 1, 1]]
[[7, 11, 37, 73, 97, 22, 26, 52, 56, 104], [1, 3, 1, 1, 1, 1, 1]]
[[7, 11, 37, 73, 97, 22, 26, 52, 56, 104], [1, 1, 2, 2, 1, 1, 1]]
[[7, 11, 37, 73, 97, 22, 26, 52, 56, 104], [1, 1, 3, 1, 1, 1, 1]]
[[7, 11, 37, 73, 97, 22, 26, 52, 56, 104], [1, 1, 1, 2, 1, 2, 1]]
[[7, 11, 37, 73, 97, 22, 26, 52, 56, 104], [1, 2, 1, 1, 2, 1, 1]]
[[7, 11, 37, 73, 97, 22, 26, 52, 56, 104], [2, 1, 1, 2, 1, 1, 1]]
[[7, 11, 37, 73, 97, 22, 26, 52, 56, 104], [1, 2, 1, 1, 1, 2, 1]]
[[7, 11, 37, 73, 97, 22, 26, 52, 56, 104], [2, 1, 1, 1, 2, 1, 1]]
[[7, 11, 37, 73, 97, 22, 26, 52, 56, 104], [3, 1, 1, 1, 1, 1, 1]]
[[7, 11, 37, 73, 97, 22, 26, 52, 56, 104], [1, 2, 1, 1, 1, 1, 2]]
[[7, 11, 37, 73, 97, 22, 26, 52, 56, 104], [1, 1, 1, 1, 1, 3, 1]]
[[7, 11, 37, 73, 97, 22, 26, 52, 56, 104], [2, 1, 2, 1, 1, 1, 1]]
[[7, 11, 37, 73, 97, 22, 26, 52, 56, 104], [2, 1, 1, 1, 1, 2, 1]]
[[7, 11, 37, 73, 97, 22, 26, 52, 56, 104], [1, 1, 1, 1, 2, 2, 1]]
[[7, 11, 37, 73, 97, 22, 26, 52, 56, 104], [1, 1, 2, 1, 2, 1, 1]]
[[7, 11, 37, 73, 97, 22, 26, 52, 56, 104], [1, 1, 1, 3, 1, 1, 1]]
[[7, 11, 37, 73, 97, 22, 26, 52, 56, 104], [2, 2, 1, 1, 1, 1, 1]]
[[7, 11, 37, 73, 97, 22, 26, 52, 56, 104], [1, 1, 2, 1, 1, 2, 1]]
[[7, 11, 37, 73, 97, 22, 26, 52, 56, 104], [1, 2, 1, 2, 1, 1, 1]]
[[7, 11, 37, 73, 97, 22, 26, 52, 56, 104], [1, 1, 1, 2, 1, 3, 1]]
[[7, 11, 37, 73, 97, 22, 26, 52, 56, 104], [1, 1, 1, 1, 4, 1, 1]]
[[7, 11, 37, 73, 97, 22, 26, 52, 56, 104], [1, 1, 1, 4, 1, 1, 1]]
[[7, 11, 37, 73, 97, 22, 26, 52, 56, 104], [1, 1, 1, 1, 3, 2, 1]]
[[7, 11, 37, 73, 97, 22, 26, 52, 56, 104], [1, 2, 1, 3, 1, 1, 1]]
[[7, 11, 37, 73, 97, 22, 26, 52, 56, 104], [1, 1, 2, 1, 1, 3, 1]]
[[7, 11, 37, 73, 97, 22, 26, 52, 56, 104], [1, 1, 2, 1, 3, 1, 1]]
[[7, 11, 37, 73, 97, 22, 26, 52, 56, 104], [2, 1, 2, 2, 1, 1, 1]]
[[7, 11, 37, 73, 97, 22, 26, 52, 56, 104], [1, 1, 2, 3, 1, 1, 1]]
[[7, 11, 37, 73, 97, 22, 26, 52, 56, 104], [2, 1, 1, 2, 2, 1, 1]]
[[7, 11, 37, 73, 97, 22, 26, 52, 56, 104], [2, 3, 1, 1, 1, 1, 1]]
[[7, 11, 37, 73, 97, 22, 26, 52, 56, 104], [1, 1, 2, 2, 1, 2, 1]]
[[7, 11, 37, 73, 97, 22, 26, 52, 56, 104], [1, 1, 3, 1, 1, 2, 1]]
[[7, 11, 37, 73, 97, 22, 26, 52, 56, 104], [2, 1, 2, 1, 2, 1, 1]]
[[7, 11, 37, 73, 97, 22, 26, 52, 56, 104], [4, 1, 1, 1, 1, 1, 1]]
[[7, 11, 37, 73, 97, 22, 26, 52, 56, 104], [3, 1, 1, 2, 1, 1, 1]]
[[7, 11, 37, 73, 97, 22, 26, 52, 56, 104], [3, 1, 1, 1, 2, 1, 1]]
[[7, 11, 37, 73, 97, 22, 26, 52, 56, 104], [2, 2, 1, 1, 1, 2, 1]]
[[7, 11, 37, 73, 97, 22, 26, 52, 56, 104], [1, 1, 1, 3, 2, 1, 1]]
[[7, 11, 37, 73, 97, 22, 26, 52, 56, 104], [1, 1, 3, 2, 1, 1, 1]]
[[7, 11, 37, 73, 97, 22, 26, 52, 56, 104], [2, 1, 1, 1, 2, 2, 1]]
[[7, 11, 37, 73, 97, 22, 26, 52, 56, 104], [1, 1, 3, 1, 2, 1, 1]]
[[7, 11, 37, 73, 97, 22, 26, 52, 56, 104], [1, 1, 4, 1, 1, 1, 1]]
[[7, 11, 37, 73, 97, 22, 26, 52, 56, 104], [1, 2, 3, 1, 1, 1, 1]]
[[7, 11, 37, 73, 97, 22, 26, 52, 56, 104], [1, 3, 2, 1, 1, 1, 1]]
[[7, 11, 37, 73, 97, 22, 26, 52, 56, 104], [1, 1, 1, 2, 3, 1, 1]]
[[7, 11, 37, 73, 97, 22, 26, 52, 56, 104], [2, 1, 1, 1, 3, 1, 1]]
[[7, 11, 37, 73, 97, 22, 26, 52, 56, 104], [2, 2, 1, 1, 2, 1, 1]]
[[7, 11, 37, 73, 97, 22, 26, 52, 56, 104], [2, 1, 3, 1, 1, 1, 1]]
[[7, 11, 37, 73, 97, 22, 26, 52, 56, 104], [3, 1, 2, 1, 1, 1, 1]]
[[7, 11, 37, 73, 97, 22, 26, 52, 56, 104], [1, 3, 1, 1, 1, 2, 1]]
[[7, 11, 37, 73, 97, 22, 26, 52, 56, 104], [1, 2, 1, 1, 3, 1, 1]]
[[7, 11, 37, 73, 97, 22, 26, 52, 56, 104], [1, 4, 1, 1, 1, 1, 1]]
[[7, 11, 37, 73, 97, 22, 26, 52, 56, 104], [1, 1, 2, 2, 2, 1, 1]]
[[7, 11, 37, 73, 97, 22, 26, 52, 56, 104], [1, 2, 1, 1, 1, 3, 1]]
[[7, 11, 37, 73, 97, 22, 26, 52, 56, 104], [2, 1, 1, 2, 1, 2, 1]]
[[7, 11, 37, 73, 97, 22, 26, 52, 56, 104], [3, 1, 1, 1, 1, 2, 1]]
[[7, 11, 37, 73, 97, 22, 26, 52, 56, 104], [1, 3, 1, 2, 1, 1, 1]]
[[7, 11, 37, 73, 97, 22, 26, 52, 56, 104], [1, 1, 1, 1, 1, 4, 1]]
[[7, 11, 37, 73, 97, 22, 26, 52, 56, 104], [1, 3, 1, 1, 2, 1, 1]]
[[7, 11, 37, 73, 97, 22, 26, 52, 56, 104], [1, 2, 1, 2, 1, 2, 1]]
[[7, 11, 37, 73, 97, 22, 26, 52, 56, 104], [1, 2, 2, 2, 1, 1, 1]]
[[7, 11, 37, 73, 97, 22, 26, 52, 56, 104], [3, 2, 1, 1, 1, 1, 1]]
[[7, 11, 37, 73, 97, 22, 26, 52, 56, 104], [2, 1, 1, 1, 1, 3, 1]]
[[7, 11, 37, 73, 97, 22, 26, 52, 56, 104], [1, 1, 1, 1, 2, 3, 1]]
[[7, 11, 37, 73, 97, 22, 26, 52, 56, 104], [1, 1, 1, 3, 1, 2, 1]]
[[7, 11, 37, 73, 97, 22, 26, 52, 56, 104], [1, 2, 1, 1, 2, 2, 1]]
[[7, 11, 37, 73, 97, 22, 26, 52, 56, 104], [1, 2, 2, 1, 1, 2, 1]]
[[7, 11, 37, 73, 97, 22, 26, 52, 56, 104], [2, 1, 1, 3, 1, 1, 1]]
[[7, 11, 37, 73, 97, 22, 26, 52, 56, 104], [1, 1, 2, 1, 4, 1, 1]]
[[7, 11, 37, 73, 97, 22, 26, 52, 56, 104], [1, 1, 2, 4, 1, 1, 1]]
[[7, 11, 37, 73, 97, 22, 26, 52, 56, 104], [4, 1, 1, 2, 1, 1, 1]]
[[7, 11, 37, 73, 97, 22, 26, 52, 56, 104], [2, 1, 1, 2, 3, 1, 1]]
[[7, 11, 37, 73, 97, 22, 26, 52, 56, 104], [4, 1, 2, 1, 1, 1, 1]]
[[7, 11, 37, 73, 97, 22, 26, 52, 56, 104], [1, 3, 1, 1, 1, 3, 1]]
[[7, 11, 37, 73, 97, 22, 26, 52, 56, 104], [1, 1, 2, 2, 3, 1, 1]]
[[7, 11, 37, 73, 97, 22, 26, 52, 56, 104], [1, 3, 2, 2, 1, 1, 1]]
[[7, 11, 37, 73, 97, 22, 26, 52, 56, 104], [4, 2, 1, 1, 1, 1, 1]]
[[7, 11, 37, 73, 97, 22, 26, 52, 56, 104], [1, 2, 2, 2, 1, 2, 1]]
[[7, 11, 37, 73, 97, 22, 26, 52, 56, 104], [3, 1, 2, 2, 1, 1, 1]]
[[7, 11, 37, 73, 97, 22, 26, 52, 56, 104], [2, 3, 1, 1, 1, 2, 1]]
[[7, 11, 37, 73, 97, 22, 26, 52, 56, 104], [1, 2, 1, 3, 1, 2, 1]]
[[7, 11, 37, 73, 97, 22, 26, 52, 56, 104], [1, 4, 1, 1, 2, 1, 1]]
[[7, 11, 37, 73, 97, 22, 26, 52, 56, 104], [2, 1, 1, 3, 2, 1, 1]]
[[7, 11, 37, 73, 97, 22, 26, 52, 56, 104], [1, 2, 1, 4, 1, 1, 1]]
[[7, 11, 37, 73, 97, 22, 26, 52, 56, 104], [1, 1, 3, 2, 2, 1, 1]]
[[7, 11, 37, 73, 97, 22, 26, 52, 56, 104], [1, 1, 4, 1, 1, 2, 1]]
[[7, 11, 37, 73, 97, 22, 26, 52, 56, 104], [2, 1, 2, 1, 3, 1, 1]]
[[7, 11, 37, 73, 97, 22, 26, 52, 56, 104], [2, 1, 1, 1, 4, 1, 1]]
[[7, 11, 37, 73, 97, 22, 26, 52, 56, 104], [1, 2, 3, 1, 1, 2, 1]]
[[7, 11, 37, 73, 97, 22, 26, 52, 56, 104], [1, 1, 1, 2, 4, 1, 1]]
[[7, 11, 37, 73, 97, 22, 26, 52, 56, 104], [2, 4, 1, 1, 1, 1, 1]]
[[7, 11, 37, 73, 97, 22, 26, 52, 56, 104], [1, 1, 1, 1, 4, 2, 1]]
[[7, 11, 37, 73, 97, 22, 26, 52, 56, 104], [1, 2, 1, 1, 3, 2, 1]]
[[7, 11, 37, 73, 97, 22, 26, 52, 56, 104], [2, 1, 4, 1, 1, 1, 1]]
[[7, 11, 37, 73, 97, 22, 26, 52, 56, 104], [3, 2, 1, 1, 2, 1, 1]]
[[7, 11, 37, 73, 97, 22, 26, 52, 56, 104], [1, 3, 1, 2, 1, 2, 1]]
[[7, 11, 37, 73, 97, 22, 26, 52, 56, 104], [1, 1, 2, 3, 1, 2, 1]]
[[7, 11, 37, 73, 97, 22, 26, 52, 56, 104], [1, 1, 1, 4, 1, 2, 1]]
[[7, 11, 37, 73, 97, 22, 26, 52, 56, 104], [3, 1, 1, 1, 2, 2, 1]]
[[7, 11, 37, 73, 97, 22, 26, 52, 56, 104], [2, 3, 1, 1, 2, 1, 1]]
[[7, 11, 37, 73, 97, 22, 26, 52, 56, 104], [3, 1, 2, 1, 2, 1, 1]]
[[7, 11, 37, 73, 97, 22, 26, 52, 56, 104], [1, 2, 2, 3, 1, 1, 1]]
[[7, 11, 37, 73, 97, 22, 26, 52, 56, 104], [4, 1, 1, 1, 1, 2, 1]]
[[7, 11, 37, 73, 97, 22, 26, 52, 56, 104], [4, 1, 1, 1, 2, 1, 1]]
[[7, 11, 37, 73, 97, 22, 26, 52, 56, 104], [1, 1, 2, 2, 1, 3, 1]]
[[7, 11, 37, 73, 97, 22, 26, 52, 56, 104], [2, 1, 3, 2, 1, 1, 1]]
[[7, 11, 37, 73, 97, 22, 26, 52, 56, 104], [1, 4, 2, 1, 1, 1, 1]]
[[7, 11, 37, 73, 97, 22, 26, 52, 56, 104], [1, 1, 1, 4, 2, 1, 1]]
[[7, 11, 37, 73, 97, 22, 26, 52, 56, 104], [2, 1, 3, 1, 2, 1, 1]]
[[7, 11, 37, 73, 97, 22, 26, 52, 56, 104], [1, 1, 2, 3, 2, 1, 1]]
[[7, 11, 37, 73, 97, 22, 26, 52, 56, 104], [1, 3, 1, 1, 2, 2, 1]]
[[7, 11, 37, 73, 97, 22, 26, 52, 56, 104], [1, 2, 3, 2, 1, 1, 1]]
[[7, 11, 37, 73, 97, 22, 26, 52, 56, 104], [1, 2, 1, 1, 2, 3, 1]]
[[7, 11, 37, 73, 97, 22, 26, 52, 56, 104], [1, 2, 2, 1, 1, 3, 1]]
[[7, 11, 37, 73, 97, 22, 26, 52, 56, 104], [1, 1, 1, 2, 1, 4, 1]]
[[7, 11, 37, 73, 97, 22, 26, 52, 56, 104], [2, 1, 1, 1, 1, 4, 1]]
[[7, 11, 37, 73, 97, 22, 26, 52, 56, 104], [2, 2, 1, 1, 3, 1, 1]]
[[7, 11, 37, 73, 97, 22, 26, 52, 56, 104], [3, 1, 1, 2, 2, 1, 1]]
[[7, 11, 37, 73, 97, 22, 26, 52, 56, 104], [1, 1, 3, 2, 1, 2, 1]]
[[7, 11, 37, 73, 97, 22, 26, 52, 56, 104], [1, 1, 4, 1, 2, 1, 1]]
[[7, 11, 37, 73, 97, 22, 26, 52, 56, 104], [1, 2, 4, 1, 1, 1, 1]]
[[7, 11, 37, 73, 97, 22, 26, 52, 56, 104], [2, 2, 1, 1, 2, 2, 1]]
[[7, 11, 37, 73, 97, 22, 26, 52, 56, 104], [1, 2, 1, 1, 1, 4, 1]]
[[7, 11, 37, 73, 97, 22, 26, 52, 56, 104], [1, 3, 2, 1, 1, 2, 1]]
[[7, 11, 37, 73, 97, 22, 26, 52, 56, 104], [2, 1, 1, 1, 3, 2, 1]]
[[7, 11, 37, 73, 97, 22, 26, 52, 56, 104], [1, 1, 3, 3, 1, 1, 1]]
[[7, 11, 37, 73, 97, 22, 26, 52, 56, 104], [2, 1, 2, 3, 1, 1, 1]]
[[7, 11, 37, 73, 97, 22, 26, 52, 56, 104], [1, 2, 1, 1, 4, 1, 1]]
[[7, 11, 37, 73, 97, 22, 26, 52, 56, 104], [1, 1, 1, 1, 2, 4, 1]]
[[7, 11, 37, 73, 97, 22, 26, 52, 56, 104], [3, 1, 1, 1, 3, 1, 1]]
[[7, 11, 37, 73, 97, 22, 26, 52, 56, 104], [1, 4, 1, 1, 1, 2, 1]]
[[7, 11, 37, 73, 97, 22, 26, 52, 56, 104], [1, 1, 2, 1, 1, 4, 1]]
[[7, 11, 37, 73, 97, 22, 26, 52, 56, 104], [1, 2, 1, 2, 1, 3, 1]]
[[7, 11, 37, 73, 97, 22, 26, 52, 56, 104], [3, 2, 1, 1, 1, 2, 1]]
[[7, 11, 37, 73, 97, 22, 26, 52, 56, 104], [1, 4, 1, 2, 1, 1, 1]]
[[7, 11, 37, 73, 97, 22, 26, 52, 56, 104], [2, 1, 1, 4, 1, 1, 1]]
[[7, 11, 37, 73, 97, 22, 26, 52, 56, 104], [1, 1, 4, 2, 1, 1, 1]]
[[7, 11, 37, 73, 97, 22, 26, 52, 56, 104], [2, 1, 2, 2, 2, 1, 1]]
[[7, 11, 37, 73, 97, 22, 26, 52, 56, 104], [2, 2, 1, 1, 1, 3, 1]]
[[7, 11, 37, 73, 97, 22, 26, 52, 56, 104], [2, 1, 1, 1, 2, 3, 1]]
[[7, 11, 37, 73, 97, 22, 26, 52, 56, 104], [4, 1, 2, 2, 1, 1, 1]]
[[7, 11, 37, 73, 97, 22, 26, 52, 56, 104], [2, 1, 4, 1, 2, 1, 1]]
[[7, 11, 37, 73, 97, 22, 26, 52, 56, 104], [1, 4, 1, 2, 1, 2, 1]]
[[7, 11, 37, 73, 97, 22, 26, 52, 56, 104], [1, 2, 1, 1, 4, 2, 1]]
[[7, 11, 37, 73, 97, 22, 26, 52, 56, 104], [1, 2, 1, 2, 1, 4, 1]]
[[7, 11, 37, 73, 97, 22, 26, 52, 56, 104], [2, 1, 2, 4, 1, 1, 1]]
[[7, 11, 37, 73, 97, 22, 26, 52, 56, 104], [1, 3, 1, 2, 1, 3, 1]]
[[7, 11, 37, 73, 97, 22, 26, 52, 56, 104], [4, 2, 1, 1, 1, 2, 1]]
[[7, 11, 37, 73, 97, 22, 26, 52, 56, 104], [2, 3, 1, 1, 1, 3, 1]]
[[7, 11, 37, 73, 97, 22, 26, 52, 56, 104], [1, 2, 2, 1, 1, 4, 1]]
[[7, 11, 37, 73, 97, 22, 26, 52, 56, 104], [3, 1, 2, 2, 2, 1, 1]]
[[7, 11, 37, 73, 97, 22, 26, 52, 56, 104], [2, 2, 1, 1, 3, 2, 1]]
[[7, 11, 37, 73, 97, 22, 26, 52, 56, 104], [3, 2, 1, 1, 3, 1, 1]]
[[7, 11, 37, 73, 97, 22, 26, 52, 56, 104], [3, 2, 1, 1, 2, 2, 1]]
[[7, 11, 37, 73, 97, 22, 26, 52, 56, 104], [1, 1, 2, 2, 1, 4, 1]]
[[7, 11, 37, 73, 97, 22, 26, 52, 56, 104], [1, 2, 2, 3, 1, 2, 1]]
[[7, 11, 37, 73, 97, 22, 26, 52, 56, 104], [2, 3, 1, 1, 2, 2, 1]]
[[7, 11, 37, 73, 97, 22, 26, 52, 56, 104], [2, 1, 1, 2, 4, 1, 1]]
[[7, 11, 37, 73, 97, 22, 26, 52, 56, 104], [3, 1, 2, 1, 3, 1, 1]]
[[7, 11, 37, 73, 97, 22, 26, 52, 56, 104], [3, 1, 1, 1, 4, 1, 1]]
[[7, 11, 37, 73, 97, 22, 26, 52, 56, 104], [1, 4, 2, 2, 1, 1, 1]]
[[7, 11, 37, 73, 97, 22, 26, 52, 56, 104], [1, 4, 1, 1, 2, 2, 1]]
[[7, 11, 37, 73, 97, 22, 26, 52, 56, 104], [1, 1, 4, 2, 1, 2, 1]]
[[7, 11, 37, 73, 97, 22, 26, 52, 56, 104], [2, 1, 2, 3, 2, 1, 1]]
[[7, 11, 37, 73, 97, 22, 26, 52, 56, 104], [1, 1, 2, 2, 4, 1, 1]]
[[7, 11, 37, 73, 97, 22, 26, 52, 56, 104], [4, 1, 1, 1, 3, 1, 1]]
[[7, 11, 37, 73, 97, 22, 26, 52, 56, 104], [2, 2, 1, 1, 2, 3, 1]]
[[7, 11, 37, 73, 97, 22, 26, 52, 56, 104], [1, 2, 1, 4, 1, 2, 1]]
[[7, 11, 37, 73, 97, 22, 26, 52, 56, 104], [1, 2, 4, 1, 1, 2, 1]]
[[7, 11, 37, 73, 97, 22, 26, 52, 56, 104], [2, 1, 1, 1, 2, 4, 1]]
[[7, 11, 37, 73, 97, 22, 26, 52, 56, 104], [4, 2, 1, 1, 2, 1, 1]]
[[7, 11, 37, 73, 97, 22, 26, 52, 56, 104], [2, 2, 1, 1, 1, 4, 1]]
[[7, 11, 37, 73, 97, 22, 26, 52, 56, 104], [4, 1, 1, 1, 2, 2, 1]]
[[7, 11, 37, 73, 97, 22, 26, 52, 56, 104], [1, 3, 2, 1, 1, 3, 1]]
[[7, 11, 37, 73, 97, 22, 26, 52, 56, 104], [1, 1, 3, 4, 1, 1, 1]]
[[7, 11, 37, 73, 97, 22, 26, 52, 56, 104], [2, 1, 2, 1, 4, 1, 1]]
[[7, 11, 37, 73, 97, 22, 26, 52, 56, 104], [2, 1, 2, 2, 3, 1, 1]]
[[7, 11, 37, 73, 97, 22, 26, 52, 56, 104], [1, 2, 3, 3, 1, 1, 1]]
[[7, 11, 37, 73, 97, 22, 26, 52, 56, 104], [1, 1, 4, 3, 1, 1, 1]]
[[7, 11, 37, 73, 97, 22, 26, 52, 56, 104], [1, 1, 3, 3, 1, 2, 1]]
[[7, 11, 37, 73, 97, 22, 26, 52, 56, 104], [1, 4, 2, 1, 1, 2, 1]]
[[7, 11, 37, 73, 97, 22, 26, 52, 56, 104], [2, 2, 1, 1, 4, 1, 1]]
[[7, 11, 37, 73, 97, 22, 26, 52, 56, 104], [3, 1, 1, 2, 3, 1, 1]]
[[7, 11, 37, 73, 97, 22, 26, 52, 56, 104], [1, 3, 1, 1, 1, 4, 1]]
[[7, 11, 37, 73, 97, 22, 26, 52, 56, 104], [2, 1, 3, 3, 1, 1, 1]]
[[7, 11, 37, 73, 97, 22, 26, 52, 56, 104], [1, 1, 2, 4, 2, 1, 1]]
[[7, 11, 37, 73, 97, 22, 26, 52, 56, 104], [4, 1, 1, 2, 2, 1, 1]]
[[7, 11, 37, 73, 97, 22, 26, 52, 56, 104], [1, 2, 4, 2, 1, 1, 1]]
[[7, 11, 37, 73, 97, 22, 26, 52, 56, 104], [1, 1, 2, 4, 1, 2, 1]]
[[7, 11, 37, 73, 97, 22, 26, 52, 56, 104], [2, 1, 1, 1, 4, 2, 1]]
[[7, 11, 37, 73, 97, 22, 26, 52, 56, 104], [2, 1, 1, 4, 2, 1, 1]]
[[7, 11, 37, 73, 97, 22, 26, 52, 56, 104], [2, 1, 4, 2, 1, 1, 1]]
[[7, 11, 37, 73, 97, 22, 26, 52, 56, 104], [2, 4, 1, 1, 1, 2, 1]]
[[7, 11, 37, 73, 97, 22, 26, 52, 56, 104], [3, 1, 1, 1, 3, 2, 1]]
[[7, 11, 37, 73, 97, 22, 26, 52, 56, 104], [4, 1, 2, 1, 2, 1, 1]]
[[7, 11, 37, 73, 97, 22, 26, 52, 56, 104], [1, 2, 3, 2, 1, 2, 1]]
[[7, 11, 37, 73, 97, 22, 26, 52, 56, 104], [2, 1, 3, 2, 2, 1, 1]]
[[7, 11, 37, 73, 97, 22, 26, 52, 56, 104], [1, 1, 3, 3, 2, 1, 1]]
[[7, 11, 37, 73, 97, 22, 26, 52, 56, 104], [1, 2, 2, 2, 1, 3, 1]]
[[7, 11, 37, 73, 97, 22, 26, 52, 56, 104], [1, 3, 2, 2, 1, 2, 1]]
[[7, 11, 37, 73, 97, 22, 26, 52, 56, 104], [1, 2, 1, 1, 2, 4, 1]]
[[7, 11, 37, 73, 97, 22, 26, 52, 56, 104], [1, 3, 1, 1, 2, 3, 1]]
[[7, 11, 37, 73, 97, 22, 26, 52, 56, 104], [1, 2, 2, 4, 1, 1, 1]]
[[7, 11, 37, 73, 97, 22, 26, 52, 56, 104], [1, 1, 4, 2, 2, 1, 1]]
[[7, 11, 37, 73, 97, 22, 26, 52, 56, 104], [1, 4, 1, 1, 1, 3, 1]]
[[7, 11, 37, 73, 97, 22, 26, 52, 56, 104], [2, 4, 1, 1, 2, 1, 1]]
[[7, 11, 37, 73, 97, 22, 26, 52, 56, 104], [4, 1, 1, 1, 4, 1, 1]]
[[7, 11, 37, 73, 97, 22, 26, 52, 56, 104], [1, 4, 2, 1, 1, 3, 1]]
[[7, 11, 37, 73, 97, 22, 26, 52, 56, 104], [1, 1, 4, 4, 1, 1, 1]]
[[7, 11, 37, 73, 97, 22, 26, 52, 56, 104], [1, 2, 4, 3, 1, 1, 1]]
[[7, 11, 37, 73, 97, 22, 26, 52, 56, 104], [4, 1, 2, 2, 2, 1, 1]]
[[7, 11, 37, 73, 97, 22, 26, 52, 56, 104], [1, 3, 2, 1, 1, 4, 1]]
[[7, 11, 37, 73, 97, 22, 26, 52, 56, 104], [3, 1, 1, 2, 4, 1, 1]]
[[7, 11, 37, 73, 97, 22, 26, 52, 56, 104], [4, 1, 1, 1, 3, 2, 1]]
[[7, 11, 37, 73, 97, 22, 26, 52, 56, 104], [2, 2, 1, 1, 2, 4, 1]]
[[7, 11, 37, 73, 97, 22, 26, 52, 56, 104], [2, 2, 1, 1, 4, 2, 1]]
[[7, 11, 37, 73, 97, 22, 26, 52, 56, 104], [2, 1, 3, 3, 2, 1, 1]]
[[7, 11, 37, 73, 97, 22, 26, 52, 56, 104], [1, 2, 3, 3, 1, 2, 1]]
[[7, 11, 37, 73, 97, 22, 26, 52, 56, 104], [1, 1, 4, 3, 1, 2, 1]]
[[7, 11, 37, 73, 97, 22, 26, 52, 56, 104], [1, 4, 1, 1, 1, 4, 1]]
[[7, 11, 37, 73, 97, 22, 26, 52, 56, 104], [2, 1, 2, 2, 4, 1, 1]]
[[7, 11, 37, 73, 97, 22, 26, 52, 56, 104], [3, 1, 2, 1, 4, 1, 1]]
[[7, 11, 37, 73, 97, 22, 26, 52, 56, 104], [1, 2, 4, 2, 1, 2, 1]]
[[7, 11, 37, 73, 97, 22, 26, 52, 56, 104], [4, 1, 2, 1, 3, 1, 1]]
[[7, 11, 37, 73, 97, 22, 26, 52, 56, 104], [1, 3, 2, 2, 1, 3, 1]]
[[7, 11, 37, 73, 97, 22, 26, 52, 56, 104], [1, 3, 1, 1, 2, 4, 1]]
[[7, 11, 37, 73, 97, 22, 26, 52, 56, 104], [1, 2, 3, 4, 1, 1, 1]]
[[7, 11, 37, 73, 97, 22, 26, 52, 56, 104], [1, 2, 2, 4, 1, 2, 1]]
[[7, 11, 37, 73, 97, 22, 26, 52, 56, 104], [1, 1, 3, 4, 1, 2, 1]]
[[7, 11, 37, 73, 97, 22, 26, 52, 56, 104], [2, 4, 1, 1, 1, 3, 1]]
[[7, 11, 37, 73, 97, 22, 26, 52, 56, 104], [1, 3, 1, 2, 1, 4, 1]]
[[7, 11, 37, 73, 97, 22, 26, 52, 56, 104], [2, 4, 1, 1, 2, 2, 1]]
[[7, 11, 37, 73, 97, 22, 26, 52, 56, 104], [3, 1, 2, 2, 3, 1, 1]]
[[7, 11, 37, 73, 97, 22, 26, 52, 56, 104], [4, 2, 1, 1, 3, 1, 1]]
[[7, 11, 37, 73, 97, 22, 26, 52, 56, 104], [1, 2, 2, 2, 1, 4, 1]]
[[7, 11, 37, 73, 97, 22, 26, 52, 56, 104], [1, 1, 3, 4, 2, 1, 1]]
[[7, 11, 37, 73, 97, 22, 26, 52, 56, 104], [2, 3, 1, 1, 1, 4, 1]]
[[7, 11, 37, 73, 97, 22, 26, 52, 56, 104], [4, 1, 1, 2, 3, 1, 1]]
[[7, 11, 37, 73, 97, 22, 26, 52, 56, 104], [2, 1, 2, 4, 2, 1, 1]]
[[7, 11, 37, 73, 97, 22, 26, 52, 56, 104], [1, 1, 4, 3, 2, 1, 1]]
[[7, 11, 37, 73, 97, 22, 26, 52, 56, 104], [1, 4, 1, 2, 1, 3, 1]]
[[7, 11, 37, 73, 97, 22, 26, 52, 56, 104], [2, 1, 4, 3, 1, 1, 1]]
[[7, 11, 37, 73, 97, 22, 26, 52, 56, 104], [3, 2, 1, 1, 3, 2, 1]]
[[7, 11, 37, 73, 97, 22, 26, 52, 56, 104], [2, 1, 3, 4, 1, 1, 1]]
[[7, 11, 37, 73, 97, 22, 26, 52, 56, 104], [1, 4, 2, 2, 1, 2, 1]]
[[7, 11, 37, 73, 97, 22, 26, 52, 56, 104], [3, 2, 1, 1, 4, 1, 1]]
[[7, 11, 37, 73, 97, 22, 26, 52, 56, 104], [2, 1, 4, 2, 2, 1, 1]]
[[7, 11, 37, 73, 97, 22, 26, 52, 56, 104], [3, 1, 1, 1, 4, 2, 1]]
[[7, 11, 37, 73, 97, 22, 26, 52, 56, 104], [1, 4, 1, 1, 2, 3, 1]]
[[7, 11, 37, 73, 97, 22, 26, 52, 56, 104], [2, 3, 1, 1, 2, 3, 1]]
[[7, 11, 37, 73, 97, 22, 26, 52, 56, 104], [4, 2, 1, 1, 2, 2, 1]]
[[7, 11, 37, 73, 97, 22, 26, 52, 56, 104], [1, 1, 4, 4, 2, 1, 1]]
[[7, 11, 37, 73, 97, 22, 26, 52, 56, 104], [1, 2, 3, 4, 1, 2, 1]]
[[7, 11, 37, 73, 97, 22, 26, 52, 56, 104], [2, 4, 1, 1, 1, 4, 1]]
[[7, 11, 37, 73, 97, 22, 26, 52, 56, 104], [1, 4, 1, 2, 1, 4, 1]]
[[7, 11, 37, 73, 97, 22, 26, 52, 56, 104], [4, 2, 1, 1, 3, 2, 1]]
[[7, 11, 37, 73, 97, 22, 26, 52, 56, 104], [3, 1, 2, 2, 4, 1, 1]]
[[7, 11, 37, 73, 97, 22, 26, 52, 56, 104], [2, 3, 1, 1, 2, 4, 1]]
[[7, 11, 37, 73, 97, 22, 26, 52, 56, 104], [3, 2, 1, 1, 4, 2, 1]]
[[7, 11, 37, 73, 97, 22, 26, 52, 56, 104], [4, 1, 2, 1, 4, 1, 1]]
[[7, 11, 37, 73, 97, 22, 26, 52, 56, 104], [1, 1, 4, 4, 1, 2, 1]]
[[7, 11, 37, 73, 97, 22, 26, 52, 56, 104], [2, 1, 4, 4, 1, 1, 1]]
[[7, 11, 37, 73, 97, 22, 26, 52, 56, 104], [1, 4, 2, 2, 1, 3, 1]]
[[7, 11, 37, 73, 97, 22, 26, 52, 56, 104], [1, 4, 1, 1, 2, 4, 1]]
[[7, 11, 37, 73, 97, 22, 26, 52, 56, 104], [4, 1, 1, 2, 4, 1, 1]]
[[7, 11, 37, 73, 97, 22, 26, 52, 56, 104], [2, 1, 4, 3, 2, 1, 1]]
[[7, 11, 37, 73, 97, 22, 26, 52, 56, 104], [2, 1, 3, 4, 2, 1, 1]]
[[7, 11, 37, 73, 97, 22, 26, 52, 56, 104], [1, 4, 2, 1, 1, 4, 1]]
[[7, 11, 37, 73, 97, 22, 26, 52, 56, 104], [1, 2, 4, 3, 1, 2, 1]]
[[7, 11, 37, 73, 97, 22, 26, 52, 56, 104], [4, 2, 1, 1, 4, 1, 1]]
[[7, 11, 37, 73, 97, 22, 26, 52, 56, 104], [4, 1, 1, 1, 4, 2, 1]]
[[7, 11, 37, 73, 97, 22, 26, 52, 56, 104], [4, 1, 2, 2, 3, 1, 1]]
[[7, 11, 37, 73, 97, 22, 26, 52, 56, 104], [1, 2, 4, 4, 1, 1, 1]]
[[7, 11, 37, 73, 97, 22, 26, 52, 56, 104], [2, 4, 1, 1, 2, 3, 1]]
[[7, 11, 37, 73, 97, 22, 26, 52, 56, 104], [1, 3, 2, 2, 1, 4, 1]]
[[7, 11, 37, 73, 97, 22, 26, 52, 56, 104], [2, 1, 4, 4, 2, 1, 1]]
[[7, 11, 37, 73, 97, 22, 26, 52, 56, 104], [2, 4, 1, 1, 2, 4, 1]]
[[7, 11, 37, 73, 97, 22, 26, 52, 56, 104], [4, 2, 1, 1, 4, 2, 1]]
[[7, 11, 37, 73, 97, 22, 26, 52, 56, 104], [1, 4, 2, 2, 1, 4, 1]]
[[7, 11, 37, 73, 97, 22, 26, 52, 56, 104], [4, 1, 2, 2, 4, 1, 1]]
[[7, 11, 37, 73, 97, 22, 26, 52, 56, 104], [1, 2, 4, 4, 1, 2, 1]]
[[7, 67, 37, 97, 22, 82, 28, 44, 88, 104], [1, 1, 1, 1, 1, 1, 1]]
[[7, 67, 37, 97, 22, 82, 28, 44, 88, 104], [2, 1, 1, 1, 1, 1, 1]]
[[7, 67, 37, 97, 22, 82, 28, 44, 88, 104], [1, 1, 1, 1, 1, 2, 1]]
[[7, 67, 37, 97, 22, 82, 28, 44, 88, 104], [1, 1, 1, 1, 1, 1, 2]]
[[7, 67, 37, 97, 22, 82, 28, 44, 88, 104], [1, 1, 2, 1, 1, 1, 1]]
[[7, 67, 37, 97, 22, 82, 28, 44, 88, 104], [1, 1, 1, 2, 1, 1, 1]]
[[7, 67, 37, 97, 22, 82, 28, 44, 88, 104], [1, 2, 1, 1, 1, 1, 1]]
[[7, 67, 37, 97, 22, 82, 28, 44, 88, 104], [1, 1, 1, 1, 2, 1, 1]]
[[7, 67, 37, 97, 22, 82, 28, 44, 88, 104], [1, 1, 1, 1, 3, 1, 1]]
[[7, 67, 37, 97, 22, 82, 28, 44, 88, 104], [1, 1, 1, 2, 1, 1, 2]]
[[7, 67, 37, 97, 22, 82, 28, 44, 88, 104], [1, 1, 1, 1, 2, 1, 2]]
[[7, 67, 37, 97, 22, 82, 28, 44, 88, 104], [1, 2, 2, 1, 1, 1, 1]]
[[7, 67, 37, 97, 22, 82, 28, 44, 88, 104], [1, 1, 2, 1, 1, 1, 2]]
[[7, 67, 37, 97, 22, 82, 28, 44, 88, 104], [1, 1, 1, 1, 1, 1, 3]]
[[7, 67, 37, 97, 22, 82, 28, 44, 88, 104], [1, 3, 1, 1, 1, 1, 1]]
[[7, 67, 37, 97, 22, 82, 28, 44, 88, 104], [1, 1, 2, 2, 1, 1, 1]]
[[7, 67, 37, 97, 22, 82, 28, 44, 88, 104], [1, 1, 3, 1, 1, 1, 1]]
[[7, 67, 37, 97, 22, 82, 28, 44, 88, 104], [2, 1, 1, 2, 1, 1, 1]]
[[7, 67, 37, 97, 22, 82, 28, 44, 88, 104], [1, 2, 1, 1, 1, 2, 1]]
[[7, 67, 37, 97, 22, 82, 28, 44, 88, 104], [2, 1, 1, 1, 2, 1, 1]]
[[7, 67, 37, 97, 22, 82, 28, 44, 88, 104], [3, 1, 1, 1, 1, 1, 1]]
[[7, 67, 37, 97, 22, 82, 28, 44, 88, 104], [1, 2, 1, 1, 1, 1, 2]]
[[7, 67, 37, 97, 22, 82, 28, 44, 88, 104], [1, 1, 1, 1, 1, 2, 2]]
[[7, 67, 37, 97, 22, 82, 28, 44, 88, 104], [1, 1, 1, 1, 1, 3, 1]]
[[7, 67, 37, 97, 22, 82, 28, 44, 88, 104], [2, 1, 2, 1, 1, 1, 1]]
[[7, 67, 37, 97, 22, 82, 28, 44, 88, 104], [1, 1, 1, 1, 2, 2, 1]]
[[7, 67, 37, 97, 22, 82, 28, 44, 88, 104], [1, 1, 2, 1, 2, 1, 1]]
[[7, 67, 37, 97, 22, 82, 28, 44, 88, 104], [1, 1, 1, 3, 1, 1, 1]]
[[7, 67, 37, 97, 22, 82, 28, 44, 88, 104], [1, 1, 2, 1, 1, 2, 1]]
[[7, 67, 37, 97, 22, 82, 28, 44, 88, 104], [1, 2, 1, 2, 1, 1, 1]]
[[7, 67, 37, 97, 22, 82, 28, 44, 88, 104], [2, 1, 1, 1, 1, 1, 2]]
[[7, 67, 37, 97, 22, 82, 28, 44, 88, 104], [1, 1, 1, 4, 1, 1, 1]]
[[7, 67, 37, 97, 22, 82, 28, 44, 88, 104], [1, 1, 1, 1, 4, 1, 1]]
[[7, 67, 37, 97, 22, 82, 28, 44, 88, 104], [1, 1, 1, 1, 3, 2, 1]]
[[7, 67, 37, 97, 22, 82, 28, 44, 88, 104], [1, 2, 1, 3, 1, 1, 1]]
[[7, 67, 37, 97, 22, 82, 28, 44, 88, 104], [1, 1, 1, 1, 2, 2, 2]]
[[7, 67, 37, 97, 22, 82, 28, 44, 88, 104], [2, 1, 2, 2, 1, 1, 1]]
[[7, 67, 37, 97, 22, 82, 28, 44, 88, 104], [1, 1, 2, 1, 1, 2, 2]]
[[7, 67, 37, 97, 22, 82, 28, 44, 88, 104], [1, 1, 1, 2, 1, 1, 3]]
[[7, 67, 37, 97, 22, 82, 28, 44, 88, 104], [1, 1, 3, 1, 1, 2, 1]]
[[7, 67, 37, 97, 22, 82, 28, 44, 88, 104], [1, 1, 1, 1, 2, 1, 3]]
[[7, 67, 37, 97, 22, 82, 28, 44, 88, 104], [2, 1, 1, 1, 1, 1, 3]]
[[7, 67, 37, 97, 22, 82, 28, 44, 88, 104], [1, 2, 1, 2, 1, 1, 2]]
[[7, 67, 37, 97, 22, 82, 28, 44, 88, 104], [2, 1, 2, 1, 2, 1, 1]]
[[7, 67, 37, 97, 22, 82, 28, 44, 88, 104], [4, 1, 1, 1, 1, 1, 1]]
[[7, 67, 37, 97, 22, 82, 28, 44, 88, 104], [1, 2, 2, 1, 1, 1, 2]]
[[7, 67, 37, 97, 22, 82, 28, 44, 88, 104], [1, 1, 2, 1, 1, 1, 3]]
[[7, 67, 37, 97, 22, 82, 28, 44, 88, 104], [3, 1, 1, 2, 1, 1, 1]]
[[7, 67, 37, 97, 22, 82, 28, 44, 88, 104], [1, 1, 1, 1, 1, 1, 4]]
[[7, 67, 37, 97, 22, 82, 28, 44, 88, 104], [3, 1, 1, 1, 2, 1, 1]]
[[7, 67, 37, 97, 22, 82, 28, 44, 88, 104], [1, 1, 2, 2, 1, 1, 2]]
[[7, 67, 37, 97, 22, 82, 28, 44, 88, 104], [1, 1, 3, 1, 1, 1, 2]]
[[7, 67, 37, 97, 22, 82, 28, 44, 88, 104], [1, 1, 3, 2, 1, 1, 1]]
[[7, 67, 37, 97, 22, 82, 28, 44, 88, 104], [2, 1, 1, 1, 2, 1, 2]]
[[7, 67, 37, 97, 22, 82, 28, 44, 88, 104], [1, 1, 3, 1, 2, 1, 1]]
[[7, 67, 37, 97, 22, 82, 28, 44, 88, 104], [1, 1, 4, 1, 1, 1, 1]]
[[7, 67, 37, 97, 22, 82, 28, 44, 88, 104], [1, 2, 3, 1, 1, 1, 1]]
[[7, 67, 37, 97, 22, 82, 28, 44, 88, 104], [1, 1, 2, 1, 2, 1, 2]]
[[7, 67, 37, 97, 22, 82, 28, 44, 88, 104], [2, 1, 2, 1, 1, 1, 2]]
[[7, 67, 37, 97, 22, 82, 28, 44, 88, 104], [2, 1, 1, 1, 3, 1, 1]]
[[7, 67, 37, 97, 22, 82, 28, 44, 88, 104], [1, 1, 2, 1, 2, 2, 1]]
[[7, 67, 37, 97, 22, 82, 28, 44, 88, 104], [2, 1, 3, 1, 1, 1, 1]]
[[7, 67, 37, 97, 22, 82, 28, 44, 88, 104], [1, 3, 1, 1, 1, 2, 1]]
[[7, 67, 37, 97, 22, 82, 28, 44, 88, 104], [1, 4, 1, 1, 1, 1, 1]]
[[7, 67, 37, 97, 22, 82, 28, 44, 88, 104], [1, 2, 1, 1, 1, 3, 1]]
[[7, 67, 37, 97, 22, 82, 28, 44, 88, 104], [1, 3, 1, 2, 1, 1, 1]]
[[7, 67, 37, 97, 22, 82, 28, 44, 88, 104], [1, 1, 1, 1, 1, 4, 1]]
[[7, 67, 37, 97, 22, 82, 28, 44, 88, 104], [1, 2, 2, 2, 1, 1, 1]]
[[7, 67, 37, 97, 22, 82, 28, 44, 88, 104], [1, 1, 1, 1, 2, 3, 1]]
[[7, 67, 37, 97, 22, 82, 28, 44, 88, 104], [1, 2, 1, 1, 1, 1, 3]]
[[7, 67, 37, 97, 22, 82, 28, 44, 88, 104], [2, 1, 1, 2, 1, 1, 2]]
[[7, 67, 37, 97, 22, 82, 28, 44, 88, 104], [1, 2, 1, 1, 1, 2, 2]]
[[7, 67, 37, 97, 22, 82, 28, 44, 88, 104], [1, 2, 2, 1, 1, 2, 1]]
[[7, 67, 37, 97, 22, 82, 28, 44, 88, 104], [2, 1, 1, 3, 1, 1, 1]]
[[7, 67, 37, 97, 22, 82, 28, 44, 88, 104], [1, 1, 1, 1, 1, 2, 3]]
[[7, 67, 37, 97, 22, 82, 28, 44, 88, 104], [1, 1, 2, 2, 1, 1, 3]]
[[7, 67, 37, 97, 22, 82, 28, 44, 88, 104], [1, 1, 3, 2, 1, 1, 2]]
[[7, 67, 37, 97, 22, 82, 28, 44, 88, 104], [1, 1, 3, 1, 2, 1, 2]]
[[7, 67, 37, 97, 22, 82, 28, 44, 88, 104], [1, 1, 4, 1, 2, 1, 1]]
[[7, 67, 37, 97, 22, 82, 28, 44, 88, 104], [1, 2, 4, 1, 1, 1, 1]]
[[7, 67, 37, 97, 22, 82, 28, 44, 88, 104], [4, 1, 1, 2, 1, 1, 1]]
[[7, 67, 37, 97, 22, 82, 28, 44, 88, 104], [2, 1, 1, 1, 2, 1, 3]]
[[7, 67, 37, 97, 22, 82, 28, 44, 88, 104], [2, 1, 1, 1, 4, 1, 1]]
[[7, 67, 37, 97, 22, 82, 28, 44, 88, 104], [1, 2, 3, 1, 1, 2, 1]]
[[7, 67, 37, 97, 22, 82, 28, 44, 88, 104], [2, 1, 3, 1, 2, 1, 1]]
[[7, 67, 37, 97, 22, 82, 28, 44, 88, 104], [1, 2, 1, 1, 1, 4, 1]]
[[7, 67, 37, 97, 22, 82, 28, 44, 88, 104], [1, 1, 4, 1, 1, 1, 2]]
[[7, 67, 37, 97, 22, 82, 28, 44, 88, 104], [1, 2, 3, 1, 1, 1, 2]]
[[7, 67, 37, 97, 22, 82, 28, 44, 88, 104], [2, 1, 2, 1, 1, 1, 3]]
[[7, 67, 37, 97, 22, 82, 28, 44, 88, 104], [1, 1, 2, 1, 2, 1, 3]]
[[7, 67, 37, 97, 22, 82, 28, 44, 88, 104], [1, 1, 2, 1, 2, 2, 2]]
[[7, 67, 37, 97, 22, 82, 28, 44, 88, 104], [2, 1, 3, 1, 1, 1, 2]]
[[7, 67, 37, 97, 22, 82, 28, 44, 88, 104], [1, 3, 1, 3, 1, 1, 1]]
[[7, 67, 37, 97, 22, 82, 28, 44, 88, 104], [1, 3, 1, 1, 1, 3, 1]]
[[7, 67, 37, 97, 22, 82, 28, 44, 88, 104], [1, 2, 3, 2, 1, 1, 1]]
[[7, 67, 37, 97, 22, 82, 28, 44, 88, 104], [1, 1, 1, 1, 4, 2, 1]]
[[7, 67, 37, 97, 22, 82, 28, 44, 88, 104], [2, 1, 4, 1, 1, 1, 1]]
[[7, 67, 37, 97, 22, 82, 28, 44, 88, 104], [1, 1, 1, 1, 2, 4, 1]]
[[7, 67, 37, 97, 22, 82, 28, 44, 88, 104], [3, 1, 1, 1, 3, 1, 1]]
[[7, 67, 37, 97, 22, 82, 28, 44, 88, 104], [1, 4, 1, 1, 1, 2, 1]]
[[7, 67, 37, 97, 22, 82, 28, 44, 88, 104], [1, 2, 2, 2, 1, 1, 2]]
[[7, 67, 37, 97, 22, 82, 28, 44, 88, 104], [2, 1, 1, 2, 1, 1, 3]]
[[7, 67, 37, 97, 22, 82, 28, 44, 88, 104], [1, 2, 2, 1, 1, 2, 2]]
[[7, 67, 37, 97, 22, 82, 28, 44, 88, 104], [1, 2, 1, 1, 1, 1, 4]]
[[7, 67, 37, 97, 22, 82, 28, 44, 88, 104], [1, 2, 1, 1, 1, 2, 3]]
[[7, 67, 37, 97, 22, 82, 28, 44, 88, 104], [1, 1, 1, 1, 1, 2, 4]]
[[7, 67, 37, 97, 22, 82, 28, 44, 88, 104], [1, 4, 1, 2, 1, 1, 1]]
[[7, 67, 37, 97, 22, 82, 28, 44, 88, 104], [1, 1, 1, 1, 3, 3, 1]]
[[7, 67, 37, 97, 22, 82, 28, 44, 88, 104], [2, 1, 1, 4, 1, 1, 1]]
[[7, 67, 37, 97, 22, 82, 28, 44, 88, 104], [2, 1, 2, 2, 1, 1, 2]]
[[7, 67, 37, 97, 22, 82, 28, 44, 88, 104], [1, 1, 1, 1, 2, 2, 3]]
[[7, 67, 37, 97, 22, 82, 28, 44, 88, 104], [3, 1, 1, 3, 1, 1, 1]]
[[7, 67, 37, 97, 22, 82, 28, 44, 88, 104], [1, 1, 4, 2, 1, 1, 1]]
[[7, 67, 37, 97, 22, 82, 28, 44, 88, 104], [1, 1, 3, 1, 2, 2, 1]]
[[7, 67, 37, 97, 22, 82, 28, 44, 88, 104], [1, 1, 2, 1, 1, 2, 3]]
[[7, 67, 37, 97, 22, 82, 28, 44, 88, 104], [1, 2, 1, 2, 1, 1, 3]]
[[7, 67, 37, 97, 22, 82, 28, 44, 88, 104], [1, 1, 3, 1, 1, 2, 2]]
[[7, 67, 37, 97, 22, 82, 28, 44, 88, 104], [2, 1, 1, 1, 1, 1, 4]]
[[7, 67, 37, 97, 22, 82, 28, 44, 88, 104], [1, 1, 1, 2, 1, 1, 4]]
[[7, 67, 37, 97, 22, 82, 28, 44, 88, 104], [4, 1, 1, 1, 2, 1, 1]]
[[7, 67, 37, 97, 22, 82, 28, 44, 88, 104], [1, 1, 5, 1, 1, 1, 1]]
[[7, 67, 37, 97, 22, 82, 28, 44, 88, 104], [1, 1, 1, 1, 2, 1, 4]]
[[7, 67, 37, 97, 22, 82, 28, 44, 88, 104], [1, 2, 2, 1, 1, 1, 3]]
[[7, 67, 37, 97, 22, 82, 28, 44, 88, 104], [2, 1, 2, 1, 2, 1, 2]]
[[7, 67, 37, 97, 22, 82, 28, 44, 88, 104], [1, 2, 1, 4, 1, 1, 1]]
[[7, 67, 37, 97, 22, 82, 28, 44, 88, 104], [1, 1, 1, 1, 1, 1, 5]]
[[7, 67, 37, 97, 22, 82, 28, 44, 88, 104], [2, 1, 3, 2, 1, 1, 1]]
[[7, 67, 37, 97, 22, 82, 28, 44, 88, 104], [1, 1, 4, 1, 1, 2, 1]]
[[7, 67, 37, 97, 22, 82, 28, 44, 88, 104], [1, 1, 2, 1, 1, 1, 4]]
[[7, 67, 37, 97, 22, 82, 28, 44, 88, 104], [1, 1, 3, 1, 1, 1, 3]]
[[7, 67, 37, 97, 22, 82, 28, 44, 88, 104], [2, 1, 4, 1, 2, 1, 1]]
[[7, 67, 37, 97, 22, 82, 28, 44, 88, 104], [1, 2, 3, 2, 1, 1, 2]]
[[7, 67, 37, 97, 22, 82, 28, 44, 88, 104], [1, 1, 1, 1, 3, 4, 1]]
[[7, 67, 37, 97, 22, 82, 28, 44, 88, 104], [1, 1, 1, 1, 4, 3, 1]]
[[7, 67, 37, 97, 22, 82, 28, 44, 88, 104], [2, 1, 4, 1, 1, 1, 2]]
[[7, 67, 37, 97, 22, 82, 28, 44, 88, 104], [1, 3, 1, 4, 1, 1, 1]]
[[7, 67, 37, 97, 22, 82, 28, 44, 88, 104], [2, 1, 5, 1, 1, 1, 1]]
[[7, 67, 37, 97, 22, 82, 28, 44, 88, 104], [1, 2, 2, 2, 1, 1, 3]]
[[7, 67, 37, 97, 22, 82, 28, 44, 88, 104], [1, 4, 1, 3, 1, 1, 1]]
[[7, 67, 37, 97, 22, 82, 28, 44, 88, 104], [2, 1, 1, 2, 1, 1, 4]]
[[7, 67, 37, 97, 22, 82, 28, 44, 88, 104], [1, 2, 1, 1, 1, 2, 4]]
[[7, 67, 37, 97, 22, 82, 28, 44, 88, 104], [1, 2, 1, 1, 1, 1, 5]]
[[7, 67, 37, 97, 22, 82, 28, 44, 88, 104], [1, 2, 2, 1, 1, 2, 3]]
[[7, 67, 37, 97, 22, 82, 28, 44, 88, 104], [1, 1, 5, 2, 1, 1, 1]]
[[7, 67, 37, 97, 22, 82, 28, 44, 88, 104], [1, 1, 1, 1, 1, 2, 5]]
[[7, 67, 37, 97, 22, 82, 28, 44, 88, 104], [3, 1, 1, 1, 4, 1, 1]]
[[7, 67, 37, 97, 22, 82, 28, 44, 88, 104], [1, 1, 6, 1, 1, 1, 1]]
[[7, 67, 37, 97, 22, 82, 28, 44, 88, 104], [1, 2, 5, 1, 1, 1, 1]]
[[7, 67, 37, 97, 22, 82, 28, 44, 88, 104], [1, 1, 5, 1, 1, 2, 1]]
[[7, 67, 37, 97, 22, 82, 28, 44, 88, 104], [2, 1, 2, 2, 1, 1, 3]]
[[7, 67, 37, 97, 22, 82, 28, 44, 88, 104], [1, 1, 1, 1, 2, 2, 4]]
[[7, 67, 37, 97, 22, 82, 28, 44, 88, 104], [1, 1, 4, 2, 1, 1, 2]]
[[7, 67, 37, 97, 22, 82, 28, 44, 88, 104], [3, 1, 1, 4, 1, 1, 1]]
[[7, 67, 37, 97, 22, 82, 28, 44, 88, 104], [4, 1, 1, 1, 3, 1, 1]]
[[7, 67, 37, 97, 22, 82, 28, 44, 88, 104], [1, 1, 3, 1, 2, 2, 2]]
[[7, 67, 37, 97, 22, 82, 28, 44, 88, 104], [1, 1, 2, 1, 1, 2, 4]]
[[7, 67, 37, 97, 22, 82, 28, 44, 88, 104], [1, 2, 4, 1, 1, 2, 1]]
[[7, 67, 37, 97, 22, 82, 28, 44, 88, 104], [1, 1, 3, 1, 1, 2, 3]]
[[7, 67, 37, 97, 22, 82, 28, 44, 88, 104], [2, 1, 1, 1, 1, 1, 5]]
[[7, 67, 37, 97, 22, 82, 28, 44, 88, 104], [1, 2, 1, 2, 1, 1, 4]]
[[7, 67, 37, 97, 22, 82, 28, 44, 88, 104], [4, 1, 1, 3, 1, 1, 1]]
[[7, 67, 37, 97, 22, 82, 28, 44, 88, 104], [1, 1, 1, 2, 1, 1, 5]]
[[7, 67, 37, 97, 22, 82, 28, 44, 88, 104], [2, 1, 2, 1, 2, 1, 3]]
[[7, 67, 37, 97, 22, 82, 28, 44, 88, 104], [1, 1, 5, 1, 1, 1, 2]]
[[7, 67, 37, 97, 22, 82, 28, 44, 88, 104], [1, 1, 1, 1, 2, 1, 5]]
[[7, 67, 37, 97, 22, 82, 28, 44, 88, 104], [1, 2, 2, 1, 1, 1, 4]]
[[7, 67, 37, 97, 22, 82, 28, 44, 88, 104], [2, 1, 3, 2, 1, 1, 2]]
[[7, 67, 37, 97, 22, 82, 28, 44, 88, 104], [1, 1, 2, 1, 1, 1, 5]]
[[7, 67, 37, 97, 22, 82, 28, 44, 88, 104], [1, 1, 1, 1, 1, 1, 6]]
[[7, 67, 37, 97, 22, 82, 28, 44, 88, 104], [1, 1, 4, 1, 1, 2, 2]]
[[7, 67, 37, 97, 22, 82, 28, 44, 88, 104], [1, 1, 2, 2, 1, 1, 4]]
[[7, 67, 37, 97, 22, 82, 28, 44, 88, 104], [1, 1, 3, 1, 1, 1, 4]]
[[7, 67, 37, 97, 22, 82, 28, 44, 88, 104], [1, 3, 1, 1, 1, 4, 1]]
[[7, 67, 37, 97, 22, 82, 28, 44, 88, 104], [1, 2, 4, 2, 1, 1, 1]]
[[7, 67, 37, 97, 22, 82, 28, 44, 88, 104], [1, 1, 3, 2, 1, 1, 3]]
[[7, 67, 37, 97, 22, 82, 28, 44, 88, 104], [1, 1, 4, 1, 2, 2, 1]]
[[7, 67, 37, 97, 22, 82, 28, 44, 88, 104], [1, 1, 3, 1, 2, 1, 3]]
[[7, 67, 37, 97, 22, 82, 28, 44, 88, 104], [1, 1, 4, 1, 2, 1, 2]]
[[7, 67, 37, 97, 22, 82, 28, 44, 88, 104], [1, 2, 4, 1, 1, 1, 2]]
[[7, 67, 37, 97, 22, 82, 28, 44, 88, 104], [1, 1, 5, 1, 2, 1, 1]]
[[7, 67, 37, 97, 22, 82, 28, 44, 88, 104], [2, 1, 1, 1, 2, 1, 4]]
[[7, 67, 37, 97, 22, 82, 28, 44, 88, 104], [2, 1, 3, 1, 2, 1, 2]]
[[7, 67, 37, 97, 22, 82, 28, 44, 88, 104], [2, 1, 4, 2, 1, 1, 1]]
[[7, 67, 37, 97, 22, 82, 28, 44, 88, 104], [1, 2, 3, 1, 1, 1, 3]]
[[7, 67, 37, 97, 22, 82, 28, 44, 88, 104], [1, 2, 3, 1, 1, 2, 2]]
[[7, 67, 37, 97, 22, 82, 28, 44, 88, 104], [1, 1, 4, 1, 1, 1, 3]]
[[7, 67, 37, 97, 22, 82, 28, 44, 88, 104], [2, 1, 2, 1, 1, 1, 4]]
[[7, 67, 37, 97, 22, 82, 28, 44, 88, 104], [1, 1, 2, 1, 2, 2, 3]]
[[7, 67, 37, 97, 22, 82, 28, 44, 88, 104], [1, 1, 2, 1, 2, 1, 4]]
[[7, 67, 37, 97, 22, 82, 28, 44, 88, 104], [2, 1, 3, 1, 1, 1, 3]]
[[7, 67, 37, 97, 22, 82, 28, 44, 88, 104], [1, 4, 1, 1, 1, 3, 1]]
[[7, 67, 37, 97, 22, 82, 28, 44, 88, 104], [1, 2, 5, 1, 1, 1, 2]]
[[7, 67, 37, 97, 22, 82, 28, 44, 88, 104], [4, 1, 1, 1, 4, 1, 1]]
[[7, 67, 37, 97, 22, 82, 28, 44, 88, 104], [2, 1, 2, 2, 1, 1, 4]]
[[7, 67, 37, 97, 22, 82, 28, 44, 88, 104], [1, 1, 6, 1, 1, 1, 2]]
[[7, 67, 37, 97, 22, 82, 28, 44, 88, 104], [1, 1, 4, 2, 1, 1, 3]]
[[7, 67, 37, 97, 22, 82, 28, 44, 88, 104], [4, 1, 1, 4, 1, 1, 1]]
[[7, 67, 37, 97, 22, 82, 28, 44, 88, 104], [1, 1, 5, 1, 1, 2, 2]]
[[7, 67, 37, 97, 22, 82, 28, 44, 88, 104], [1, 2, 5, 2, 1, 1, 1]]
[[7, 67, 37, 97, 22, 82, 28, 44, 88, 104], [1, 1, 1, 1, 2, 2, 5]]
[[7, 67, 37, 97, 22, 82, 28, 44, 88, 104], [1, 1, 6, 2, 1, 1, 1]]
[[7, 67, 37, 97, 22, 82, 28, 44, 88, 104], [1, 1, 2, 1, 1, 2, 5]]
[[7, 67, 37, 97, 22, 82, 28, 44, 88, 104], [1, 4, 1, 4, 1, 1, 1]]
[[7, 67, 37, 97, 22, 82, 28, 44, 88, 104], [1, 2, 1, 2, 1, 1, 5]]
[[7, 67, 37, 97, 22, 82, 28, 44, 88, 104], [1, 2, 6, 1, 1, 1, 1]]
[[7, 67, 37, 97, 22, 82, 28, 44, 88, 104], [1, 1, 3, 1, 2, 2, 3]]
[[7, 67, 37, 97, 22, 82, 28, 44, 88, 104], [1, 2, 4, 1, 1, 2, 2]]
[[7, 67, 37, 97, 22, 82, 28, 44, 88, 104], [1, 1, 1, 2, 1, 1, 6]]
[[7, 67, 37, 97, 22, 82, 28, 44, 88, 104], [1, 1, 5, 1, 1, 1, 3]]
[[7, 67, 37, 97, 22, 82, 28, 44, 88, 104], [2, 1, 1, 1, 1, 1, 6]]
[[7, 67, 37, 97, 22, 82, 28, 44, 88, 104], [1, 1, 1, 1, 2, 1, 6]]
[[7, 67, 37, 97, 22, 82, 28, 44, 88, 104], [1, 1, 3, 1, 1, 2, 4]]
[[7, 67, 37, 97, 22, 82, 28, 44, 88, 104], [1, 2, 2, 1, 1, 1, 5]]
[[7, 67, 37, 97, 22, 82, 28, 44, 88, 104], [2, 1, 2, 1, 2, 1, 4]]
[[7, 67, 37, 97, 22, 82, 28, 44, 88, 104], [1, 1, 7, 1, 1, 1, 1]]
[[7, 67, 37, 97, 22, 82, 28, 44, 88, 104], [2, 1, 5, 2, 1, 1, 1]]
[[7, 67, 37, 97, 22, 82, 28, 44, 88, 104], [1, 1, 1, 1, 1, 1, 7]]
[[7, 67, 37, 97, 22, 82, 28, 44, 88, 104], [2, 1, 3, 2, 1, 1, 3]]
[[7, 67, 37, 97, 22, 82, 28, 44, 88, 104], [1, 4, 1, 1, 1, 4, 1]]
[[7, 67, 37, 97, 22, 82, 28, 44, 88, 104], [1, 1, 2, 1, 1, 1, 6]]
[[7, 67, 37, 97, 22, 82, 28, 44, 88, 104], [1, 1, 3, 1, 1, 1, 5]]
[[7, 67, 37, 97, 22, 82, 28, 44, 88, 104], [1, 2, 4, 2, 1, 1, 2]]
[[7, 67, 37, 97, 22, 82, 28, 44, 88, 104], [1, 1, 4, 1, 1, 2, 3]]
[[7, 67, 37, 97, 22, 82, 28, 44, 88, 104], [1, 1, 2, 2, 1, 1, 5]]
[[7, 67, 37, 97, 22, 82, 28, 44, 88, 104], [1, 1, 3, 2, 1, 1, 4]]
[[7, 67, 37, 97, 22, 82, 28, 44, 88, 104], [1, 1, 3, 1, 2, 1, 4]]
[[7, 67, 37, 97, 22, 82, 28, 44, 88, 104], [1, 1, 4, 1, 2, 1, 3]]
[[7, 67, 37, 97, 22, 82, 28, 44, 88, 104], [2, 1, 4, 2, 1, 1, 2]]
[[7, 67, 37, 97, 22, 82, 28, 44, 88, 104], [2, 1, 1, 1, 2, 1, 5]]
[[7, 67, 37, 97, 22, 82, 28, 44, 88, 104], [1, 1, 5, 1, 2, 2, 1]]
[[7, 67, 37, 97, 22, 82, 28, 44, 88, 104], [1, 2, 3, 1, 1, 2, 3]]
[[7, 67, 37, 97, 22, 82, 28, 44, 88, 104], [2, 1, 3, 1, 2, 1, 3]]
[[7, 67, 37, 97, 22, 82, 28, 44, 88, 104], [1, 1, 4, 1, 2, 2, 2]]
[[7, 67, 37, 97, 22, 82, 28, 44, 88, 104], [1, 2, 4, 1, 1, 1, 3]]
[[7, 67, 37, 97, 22, 82, 28, 44, 88, 104], [1, 1, 5, 1, 2, 1, 2]]
[[7, 67, 37, 97, 22, 82, 28, 44, 88, 104], [1, 1, 4, 1, 1, 1, 4]]
[[7, 67, 37, 97, 22, 82, 28, 44, 88, 104], [1, 2, 3, 1, 1, 1, 4]]
[[7, 67, 37, 97, 22, 82, 28, 44, 88, 104], [2, 1, 2, 1, 1, 1, 5]]
[[7, 67, 37, 97, 22, 82, 28, 44, 88, 104], [1, 1, 2, 1, 2, 1, 5]]
[[7, 67, 37, 97, 22, 82, 28, 44, 88, 104], [1, 1, 2, 1, 2, 2, 4]]
[[7, 67, 37, 97, 22, 82, 28, 44, 88, 104], [1, 1, 1, 1, 4, 4, 1]]
[[7, 67, 37, 97, 22, 82, 28, 44, 88, 104], [2, 1, 3, 1, 1, 1, 4]]
[[7, 67, 37, 97, 22, 82, 28, 44, 88, 104], [2, 1, 4, 1, 2, 1, 2]]
[[7, 67, 37, 97, 22, 82, 28, 44, 88, 104], [1, 2, 3, 2, 1, 1, 3]]
[[7, 67, 37, 97, 22, 82, 28, 44, 88, 104], [2, 1, 5, 1, 2, 1, 1]]
[[7, 67, 37, 97, 22, 82, 28, 44, 88, 104], [2, 1, 6, 1, 1, 1, 1]]
[[7, 67, 37, 97, 22, 82, 28, 44, 88, 104], [2, 1, 4, 1, 1, 1, 3]]
[[7, 67, 37, 97, 22, 82, 28, 44, 88, 104], [2, 1, 5, 1, 1, 1, 2]]
[[7, 67, 37, 97, 22, 82, 28, 44, 88, 104], [1, 2, 2, 2, 1, 1, 4]]
[[7, 67, 37, 97, 22, 82, 28, 44, 88, 104], [1, 1, 6, 1, 1, 2, 1]]
[[7, 67, 37, 97, 22, 82, 28, 44, 88, 104], [1, 2, 5, 1, 1, 2, 1]]
[[7, 67, 37, 97, 22, 82, 28, 44, 88, 104], [2, 1, 1, 2, 1, 1, 5]]
[[7, 67, 37, 97, 22, 82, 28, 44, 88, 104], [1, 2, 2, 1, 1, 2, 4]]
[[7, 67, 37, 97, 22, 82, 28, 44, 88, 104], [1, 2, 1, 1, 1, 1, 6]]
[[7, 67, 37, 97, 22, 82, 28, 44, 88, 104], [1, 2, 1, 1, 1, 2, 5]]
[[7, 67, 37, 97, 22, 82, 28, 44, 88, 104], [1, 1, 1, 1, 1, 2, 6]]
[[7, 67, 37, 97, 22, 82, 28, 44, 88, 104], [1, 1, 5, 2, 1, 1, 2]]
[[7, 67, 37, 97, 22, 82, 28, 44, 88, 104], [1, 1, 6, 1, 2, 1, 1]]
[[7, 67, 37, 97, 22, 82, 28, 44, 88, 104], [1, 1, 4, 1, 1, 2, 4]]
[[7, 67, 37, 97, 22, 82, 28, 44, 88, 104], [2, 1, 6, 1, 2, 1, 1]]
[[7, 67, 37, 97, 22, 82, 28, 44, 88, 104], [1, 1, 2, 2, 1, 1, 6]]
[[7, 67, 37, 97, 22, 82, 28, 44, 88, 104], [1, 2, 4, 2, 1, 1, 3]]
[[7, 67, 37, 97, 22, 82, 28, 44, 88, 104], [1, 1, 3, 2, 1, 1, 5]]
[[7, 67, 37, 97, 22, 82, 28, 44, 88, 104], [1, 1, 4, 1, 2, 2, 3]]
[[7, 67, 37, 97, 22, 82, 28, 44, 88, 104], [1, 1, 3, 1, 2, 1, 5]]
[[7, 67, 37, 97, 22, 82, 28, 44, 88, 104], [1, 2, 4, 1, 1, 1, 4]]
[[7, 67, 37, 97, 22, 82, 28, 44, 88, 104], [2, 1, 4, 2, 1, 1, 3]]
[[7, 67, 37, 97, 22, 82, 28, 44, 88, 104], [1, 2, 3, 1, 1, 1, 5]]
[[7, 67, 37, 97, 22, 82, 28, 44, 88, 104], [1, 1, 4, 1, 2, 1, 4]]
[[7, 67, 37, 97, 22, 82, 28, 44, 88, 104], [1, 2, 3, 1, 1, 2, 4]]
[[7, 67, 37, 97, 22, 82, 28, 44, 88, 104], [2, 1, 3, 1, 2, 1, 4]]
[[7, 67, 37, 97, 22, 82, 28, 44, 88, 104], [1, 1, 5, 1, 2, 1, 3]]
[[7, 67, 37, 97, 22, 82, 28, 44, 88, 104], [1, 1, 7, 2, 1, 1, 1]]
[[7, 67, 37, 97, 22, 82, 28, 44, 88, 104], [1, 1, 5, 1, 2, 2, 2]]
[[7, 67, 37, 97, 22, 82, 28, 44, 88, 104], [2, 1, 1, 1, 2, 1, 6]]
[[7, 67, 37, 97, 22, 82, 28, 44, 88, 104], [1, 1, 2, 1, 2, 2, 5]]
[[7, 67, 37, 97, 22, 82, 28, 44, 88, 104], [2, 1, 2, 1, 1, 1, 6]]
[[7, 67, 37, 97, 22, 82, 28, 44, 88, 104], [1, 2, 7, 1, 1, 1, 1]]
[[7, 67, 37, 97, 22, 82, 28, 44, 88, 104], [1, 1, 2, 1, 2, 1, 6]]
[[7, 67, 37, 97, 22, 82, 28, 44, 88, 104], [1, 2, 6, 2, 1, 1, 1]]
[[7, 67, 37, 97, 22, 82, 28, 44, 88, 104], [2, 1, 3, 1, 1, 1, 5]]
[[7, 67, 37, 97, 22, 82, 28, 44, 88, 104], [1, 1, 7, 1, 2, 1, 1]]
[[7, 67, 37, 97, 22, 82, 28, 44, 88, 104], [2, 1, 4, 1, 2, 1, 3]]
[[7, 67, 37, 97, 22, 82, 28, 44, 88, 104], [1, 2, 3, 2, 1, 1, 4]]
[[7, 67, 37, 97, 22, 82, 28, 44, 88, 104], [2, 1, 4, 1, 1, 1, 4]]
[[7, 67, 37, 97, 22, 82, 28, 44, 88, 104], [2, 1, 5, 1, 2, 1, 2]]
[[7, 67, 37, 97, 22, 82, 28, 44, 88, 104], [2, 1, 6, 1, 1, 1, 2]]
[[7, 67, 37, 97, 22, 82, 28, 44, 88, 104], [2, 1, 5, 1, 1, 1, 3]]
[[7, 67, 37, 97, 22, 82, 28, 44, 88, 104], [1, 1, 6, 1, 2, 2, 1]]
[[7, 67, 37, 97, 22, 82, 28, 44, 88, 104], [1, 2, 5, 1, 1, 2, 2]]
[[7, 67, 37, 97, 22, 82, 28, 44, 88, 104], [1, 2, 2, 2, 1, 1, 5]]
[[7, 67, 37, 97, 22, 82, 28, 44, 88, 104], [1, 1, 6, 1, 1, 2, 2]]
[[7, 67, 37, 97, 22, 82, 28, 44, 88, 104], [2, 1, 1, 2, 1, 1, 6]]
[[7, 67, 37, 97, 22, 82, 28, 44, 88, 104], [1, 2, 1, 1, 1, 2, 6]]
[[7, 67, 37, 97, 22, 82, 28, 44, 88, 104], [1, 2, 2, 1, 1, 2, 5]]
[[7, 67, 37, 97, 22, 82, 28, 44, 88, 104], [1, 1, 5, 2, 1, 1, 3]]
[[7, 67, 37, 97, 22, 82, 28, 44, 88, 104], [1, 1, 6, 1, 2, 1, 2]]
[[7, 67, 37, 97, 22, 82, 28, 44, 88, 104], [1, 2, 1, 1, 1, 1, 7]]
[[7, 67, 37, 97, 22, 82, 28, 44, 88, 104], [2, 1, 6, 2, 1, 1, 1]]
[[7, 67, 37, 97, 22, 82, 28, 44, 88, 104], [1, 1, 1, 1, 1, 2, 7]]
[[7, 67, 37, 97, 22, 82, 28, 44, 88, 104], [2, 1, 5, 2, 1, 1, 2]]
[[7, 67, 37, 97, 22, 82, 28, 44, 88, 104], [2, 1, 7, 1, 1, 1, 1]]
[[7, 67, 37, 97, 22, 82, 28, 44, 88, 104], [1, 2, 5, 1, 1, 1, 3]]
[[7, 67, 37, 97, 22, 82, 28, 44, 88, 104], [1, 1, 5, 1, 1, 2, 3]]
[[7, 67, 37, 97, 22, 82, 28, 44, 88, 104], [1, 1, 1, 1, 2, 2, 6]]
[[7, 67, 37, 97, 22, 82, 28, 44, 88, 104], [1, 1, 4, 2, 1, 1, 4]]
[[7, 67, 37, 97, 22, 82, 28, 44, 88, 104], [2, 1, 2, 2, 1, 1, 5]]
[[7, 67, 37, 97, 22, 82, 28, 44, 88, 104], [1, 2, 5, 2, 1, 1, 2]]
[[7, 67, 37, 97, 22, 82, 28, 44, 88, 104], [1, 1, 3, 1, 2, 2, 4]]
[[7, 67, 37, 97, 22, 82, 28, 44, 88, 104], [1, 2, 4, 1, 1, 2, 3]]
[[7, 67, 37, 97, 22, 82, 28, 44, 88, 104], [1, 1, 6, 2, 1, 1, 2]]
[[7, 67, 37, 97, 22, 82, 28, 44, 88, 104], [1, 2, 6, 1, 1, 2, 1]]
[[7, 67, 37, 97, 22, 82, 28, 44, 88, 104], [1, 1, 2, 1, 1, 2, 6]]
[[7, 67, 37, 97, 22, 82, 28, 44, 88, 104], [1, 1, 3, 1, 1, 2, 5]]
[[7, 67, 37, 97, 22, 82, 28, 44, 88, 104], [2, 1, 1, 1, 1, 1, 7]]
[[7, 67, 37, 97, 22, 82, 28, 44, 88, 104], [1, 2, 1, 2, 1, 1, 6]]
[[7, 67, 37, 97, 22, 82, 28, 44, 88, 104], [1, 2, 6, 1, 1, 1, 2]]
[[7, 67, 37, 97, 22, 82, 28, 44, 88, 104], [1, 1, 1, 2, 1, 1, 7]]
[[7, 67, 37, 97, 22, 82, 28, 44, 88, 104], [2, 1, 2, 1, 2, 1, 5]]
[[7, 67, 37, 97, 22, 82, 28, 44, 88, 104], [1, 1, 7, 1, 1, 2, 1]]
[[7, 67, 37, 97, 22, 82, 28, 44, 88, 104], [1, 1, 1, 1, 2, 1, 7]]
[[7, 67, 37, 97, 22, 82, 28, 44, 88, 104], [1, 2, 2, 1, 1, 1, 6]]
[[7, 67, 37, 97, 22, 82, 28, 44, 88, 104], [2, 1, 3, 2, 1, 1, 4]]
[[7, 67, 37, 97, 22, 82, 28, 44, 88, 104], [1, 2, 3, 2, 1, 1, 5]]
[[7, 67, 37, 97, 22, 82, 28, 44, 88, 104], [1, 1, 7, 1, 2, 2, 1]]
[[7, 67, 37, 97, 22, 82, 28, 44, 88, 104], [2, 1, 4, 1, 2, 1, 4]]
[[7, 67, 37, 97, 22, 82, 28, 44, 88, 104], [2, 1, 5, 1, 2, 1, 3]]
[[7, 67, 37, 97, 22, 82, 28, 44, 88, 104], [1, 2, 7, 2, 1, 1, 1]]
[[7, 67, 37, 97, 22, 82, 28, 44, 88, 104], [1, 1, 6, 1, 2, 2, 2]]
[[7, 67, 37, 97, 22, 82, 28, 44, 88, 104], [1, 2, 2, 2, 1, 1, 6]]
[[7, 67, 37, 97, 22, 82, 28, 44, 88, 104], [1, 2, 5, 1, 1, 2, 3]]
[[7, 67, 37, 97, 22, 82, 28, 44, 88, 104], [2, 1, 7, 1, 2, 1, 1]]
[[7, 67, 37, 97, 22, 82, 28, 44, 88, 104], [2, 1, 6, 2, 1, 1, 2]]
[[7, 67, 37, 97, 22, 82, 28, 44, 88, 104], [2, 1, 1, 2, 1, 1, 7]]
[[7, 67, 37, 97, 22, 82, 28, 44, 88, 104], [1, 2, 1, 1, 1, 2, 7]]
[[7, 67, 37, 97, 22, 82, 28, 44, 88, 104], [1, 2, 2, 1, 1, 2, 6]]
[[7, 67, 37, 97, 22, 82, 28, 44, 88, 104], [2, 1, 5, 2, 1, 1, 3]]
[[7, 67, 37, 97, 22, 82, 28, 44, 88, 104], [2, 1, 7, 2, 1, 1, 1]]
[[7, 67, 37, 97, 22, 82, 28, 44, 88, 104], [1, 2, 5, 2, 1, 1, 3]]
[[7, 67, 37, 97, 22, 82, 28, 44, 88, 104], [2, 1, 2, 2, 1, 1, 6]]
[[7, 67, 37, 97, 22, 82, 28, 44, 88, 104], [1, 1, 1, 1, 2, 2, 7]]
[[7, 67, 37, 97, 22, 82, 28, 44, 88, 104], [1, 1, 3, 1, 2, 2, 5]]
[[7, 67, 37, 97, 22, 82, 28, 44, 88, 104], [1, 2, 1, 2, 1, 1, 7]]
[[7, 67, 37, 97, 22, 82, 28, 44, 88, 104], [1, 2, 4, 1, 1, 2, 4]]
[[7, 67, 37, 97, 22, 82, 28, 44, 88, 104], [1, 2, 6, 1, 1, 2, 2]]
[[7, 67, 37, 97, 22, 82, 28, 44, 88, 104], [1, 2, 6, 2, 1, 1, 2]]
[[7, 67, 37, 97, 22, 82, 28, 44, 88, 104], [2, 1, 2, 1, 2, 1, 6]]
[[7, 67, 37, 97, 22, 82, 28, 44, 88, 104], [2, 1, 3, 2, 1, 1, 5]]
[[7, 67, 37, 97, 22, 82, 28, 44, 88, 104], [2, 1, 6, 1, 2, 1, 2]]
[[7, 67, 37, 97, 22, 82, 28, 44, 88, 104], [1, 2, 4, 2, 1, 1, 4]]
[[7, 67, 37, 97, 22, 82, 28, 44, 88, 104], [1, 2, 7, 1, 1, 2, 1]]
[[7, 67, 37, 97, 22, 82, 28, 44, 88, 104], [2, 1, 1, 1, 2, 1, 7]]
[[7, 67, 37, 97, 22, 82, 28, 44, 88, 104], [1, 1, 5, 1, 2, 2, 3]]
[[7, 67, 37, 97, 22, 82, 28, 44, 88, 104], [2, 1, 3, 1, 2, 1, 5]]
[[7, 67, 37, 97, 22, 82, 28, 44, 88, 104], [1, 1, 4, 1, 2, 2, 4]]
[[7, 67, 37, 97, 22, 82, 28, 44, 88, 104], [2, 1, 4, 2, 1, 1, 4]]
[[7, 67, 37, 97, 22, 82, 28, 44, 88, 104], [1, 2, 3, 1, 1, 2, 5]]
[[7, 67, 37, 97, 22, 82, 28, 44, 88, 104], [1, 1, 2, 1, 2, 2, 6]]
[[7, 67, 37, 41, 73, 22, 26, 74, 28, 44], [1, 1, 1, 1, 1, 1, 1]]
[[7, 67, 37, 41, 73, 22, 26, 74, 28, 44], [2, 1, 1, 1, 1, 1, 1]]
[[7, 67, 37, 41, 73, 22, 26, 74, 28, 44], [1, 1, 1, 1, 1, 2, 1]]
[[7, 67, 37, 41, 73, 22, 26, 74, 28, 44], [1, 1, 1, 1, 1, 1, 2]]
[[7, 67, 37, 41, 73, 22, 26, 74, 28, 44], [1, 1, 2, 1, 1, 1, 1]]
[[7, 67, 37, 41, 73, 22, 26, 74, 28, 44], [1, 1, 1, 2, 1, 1, 1]]
[[7, 67, 37, 41, 73, 22, 26, 74, 28, 44], [1, 2, 1, 1, 1, 1, 1]]
[[7, 67, 37, 41, 73, 22, 26, 74, 28, 44], [1, 1, 1, 1, 2, 1, 1]]
[[7, 67, 37, 41, 73, 22, 26, 74, 28, 44], [1, 1, 1, 1, 2, 1, 2]]
[[7, 67, 37, 41, 73, 22, 26, 74, 28, 44], [1, 2, 2, 1, 1, 1, 1]]
[[7, 67, 37, 41, 73, 22, 26, 74, 28, 44], [1, 1, 2, 1, 1, 1, 2]]
[[7, 67, 37, 41, 73, 22, 26, 74, 28, 44], [1, 1, 2, 2, 1, 1, 1]]
[[7, 67, 37, 41, 73, 22, 26, 74, 28, 44], [2, 1, 1, 2, 1, 1, 1]]
[[7, 67, 37, 41, 73, 22, 26, 74, 28, 44], [1, 2, 1, 1, 1, 2, 1]]
[[7, 67, 37, 41, 73, 22, 26, 74, 28, 44], [2, 1, 1, 1, 2, 1, 1]]
[[7, 67, 37, 41, 73, 22, 26, 74, 28, 44], [1, 1, 1, 1, 1, 2, 2]]
[[7, 67, 37, 41, 73, 22, 26, 74, 28, 44], [2, 1, 2, 1, 1, 1, 1]]
[[7, 67, 37, 41, 73, 22, 26, 74, 28, 44], [1, 1, 1, 1, 2, 2, 1]]
[[7, 67, 37, 41, 73, 22, 26, 74, 28, 44], [2, 2, 1, 1, 1, 1, 1]]
[[7, 67, 37, 41, 73, 22, 26, 74, 28, 44], [1, 2, 1, 2, 1, 1, 1]]
[[7, 67, 37, 41, 73, 22, 26, 74, 28, 44], [2, 2, 1, 2, 1, 1, 1]]
[[7, 67, 37, 41, 73, 22, 26, 74, 28, 44], [2, 1, 2, 2, 1, 1, 1]]
[[7, 67, 37, 41, 73, 22, 26, 74, 28, 44], [1, 2, 2, 2, 1, 1, 1]]
