[[3, 33, 10, 20, 36, 24], [1, 1, 1, 1, 1, 1]]
[[3, 33, 10, 20, 36, 24], [1, 1, 1, 1, 1, 2]]
[[3, 33, 10, 20, 36, 24], [2, 1, 1, 1, 1, 1]]
[[3, 33, 10, 20, 36, 24], [1, 1, 2, 1, 1, 1]]
[[3, 33, 10, 20, 36, 24], [1, 1, 1, 2, 1, 1]]
[[3, 33, 10, 20, 36, 24], [1, 1, 1, 1, 2, 1]]
[[3, 33, 10, 20, 36, 24], [1, 2, 1, 1, 1, 1]]
[[3, 33, 10, 20, 36, 24], [1, 1, 1, 1, 1, 3]]
[[3, 33, 10, 20, 36, 24], [2, 1, 1, 1, 1, 2]]
[[3, 33, 10, 20, 36, 24], [3, 1, 1, 1, 1, 1]]
[[3, 33, 10, 20, 36, 24], [2, 1, 1, 1, 2, 1]]
[[3, 33, 10, 20, 36, 24], [1, 1, 2, 2, 1, 1]]
[[3, 33, 10, 20, 36, 24], [1, 3, 1, 1, 1, 1]]
[[3, 33, 10, 20, 36, 24], [1, 1, 2, 1, 1, 2]]
[[3, 33, 10, 20, 36, 24], [1, 2, 1, 1, 2, 1]]
[[3, 33, 10, 20, 36, 24], [1, 1, 2, 1, 2, 1]]
[[3, 33, 10, 20, 36, 24], [1, 2, 1, 2, 1, 1]]
[[3, 33, 10, 20, 36, 24], [1, 1, 1, 1, 3, 1]]
[[3, 33, 10, 20, 36, 24], [1, 1, 1, 3, 1, 1]]
[[3, 33, 10, 20, 36, 24], [2, 1, 2, 1, 1, 1]]
[[3, 33, 10, 20, 36, 24], [1, 2, 1, 1, 1, 2]]
[[3, 33, 10, 20, 36, 24], [1, 1, 3, 1, 1, 1]]
[[3, 33, 10, 20, 36, 24], [1, 2, 2, 1, 1, 1]]
[[3, 33, 10, 20, 36, 24], [1, 1, 1, 2, 2, 1]]
[[3, 33, 10, 20, 36, 24], [2, 2, 1, 1, 1, 1]]
[[3, 33, 10, 20, 36, 24], [1, 1, 1, 1, 2, 2]]
[[3, 33, 10, 20, 36, 24], [2, 1, 1, 2, 1, 1]]
[[3, 33, 10, 20, 36, 24], [1, 1, 1, 2, 1, 2]]
[[3, 33, 10, 20, 36, 24], [2, 1, 1, 3, 1, 1]]
[[3, 33, 10, 20, 36, 24], [2, 1, 1, 2, 1, 2]]
[[3, 33, 10, 20, 36, 24], [1, 1, 2, 3, 1, 1]]
[[3, 33, 10, 20, 36, 24], [2, 1, 1, 2, 2, 1]]
[[3, 33, 10, 20, 36, 24], [1, 3, 1, 1, 2, 1]]
[[3, 33, 10, 20, 36, 24], [1, 2, 1, 1, 3, 1]]
[[3, 33, 10, 20, 36, 24], [2, 1, 2, 2, 1, 1]]
[[3, 33, 10, 20, 36, 24], [1, 1, 1, 4, 1, 1]]
[[3, 33, 10, 20, 36, 24], [2, 1, 1, 1, 2, 2]]
[[3, 33, 10, 20, 36, 24], [1, 1, 2, 2, 1, 2]]
[[3, 33, 10, 20, 36, 24], [1, 2, 1, 1, 2, 2]]
[[3, 33, 10, 20, 36, 24], [1, 1, 1, 1, 4, 1]]
[[3, 33, 10, 20, 36, 24], [1, 3, 1, 1, 1, 2]]
[[3, 33, 10, 20, 36, 24], [3, 1, 1, 2, 1, 1]]
[[3, 33, 10, 20, 36, 24], [1, 2, 2, 1, 2, 1]]
[[3, 33, 10, 20, 36, 24], [2, 2, 1, 1, 2, 1]]
[[3, 33, 10, 20, 36, 24], [1, 1, 1, 1, 3, 2]]
[[3, 33, 10, 20, 36, 24], [1, 1, 3, 2, 1, 1]]
[[3, 33, 10, 20, 36, 24], [1, 2, 1, 1, 1, 3]]
[[3, 33, 10, 20, 36, 24], [2, 2, 2, 1, 1, 1]]
[[3, 33, 10, 20, 36, 24], [1, 2, 2, 1, 1, 2]]
[[3, 33, 10, 20, 36, 24], [2, 1, 3, 1, 1, 1]]
[[3, 33, 10, 20, 36, 24], [1, 1, 1, 2, 2, 2]]
[[3, 33, 10, 20, 36, 24], [1, 1, 1, 1, 2, 3]]
[[3, 33, 10, 20, 36, 24], [1, 1, 4, 1, 1, 1]]
[[3, 33, 10, 20, 36, 24], [4, 1, 1, 1, 1, 1]]
[[3, 33, 10, 20, 36, 24], [1, 1, 1, 1, 1, 4]]
[[3, 33, 10, 20, 36, 24], [2, 1, 2, 1, 2, 1]]
[[3, 33, 10, 20, 36, 24], [1, 2, 2, 2, 1, 1]]
[[3, 33, 10, 20, 36, 24], [1, 2, 1, 2, 1, 2]]
[[3, 33, 10, 20, 36, 24], [3, 1, 2, 1, 1, 1]]
[[3, 33, 10, 20, 36, 24], [1, 4, 1, 1, 1, 1]]
[[3, 33, 10, 20, 36, 24], [3, 1, 2, 2, 1, 1]]
[[3, 33, 10, 20, 36, 24], [1, 1, 1, 1, 3, 3]]
[[3, 33, 10, 20, 36, 24], [2, 1, 1, 4, 1, 1]]
[[3, 33, 10, 20, 36, 24], [2, 2, 2, 1, 2, 1]]
[[3, 33, 10, 20, 36, 24], [1, 2, 1, 1, 1, 4]]
[[3, 33, 10, 20, 36, 24], [1, 1, 1, 1, 2, 4]]
[[3, 33, 10, 20, 36, 24], [4, 1, 1, 2, 1, 1]]
[[3, 33, 10, 20, 36, 24], [2, 1, 4, 1, 1, 1]]
[[3, 33, 10, 20, 36, 24], [1, 1, 4, 2, 1, 1]]
[[3, 33, 10, 20, 36, 24], [4, 1, 2, 1, 1, 1]]
[[3, 33, 10, 20, 36, 24], [2, 1, 3, 2, 1, 1]]
[[3, 33, 10, 20, 36, 24], [1, 2, 2, 2, 1, 2]]
[[3, 33, 10, 20, 36, 24], [1, 1, 3, 3, 1, 1]]
[[3, 33, 10, 20, 36, 24], [1, 3, 1, 1, 3, 1]]
[[3, 33, 10, 20, 36, 24], [1, 4, 1, 1, 1, 2]]
[[3, 33, 10, 20, 36, 24], [1, 4, 1, 1, 2, 1]]
[[3, 33, 10, 20, 36, 24], [1, 2, 1, 1, 4, 1]]
[[3, 33, 10, 20, 36, 24], [1, 2, 1, 1, 3, 2]]
[[3, 33, 10, 20, 36, 24], [2, 1, 1, 2, 2, 2]]
[[3, 33, 10, 20, 36, 24], [1, 3, 1, 1, 2, 2]]
[[3, 33, 10, 20, 36, 24], [3, 1, 1, 3, 1, 1]]
[[3, 33, 10, 20, 36, 24], [1, 1, 2, 4, 1, 1]]
[[3, 33, 10, 20, 36, 24], [3, 1, 3, 1, 1, 1]]
[[3, 33, 10, 20, 36, 24], [2, 1, 2, 3, 1, 1]]
[[3, 33, 10, 20, 36, 24], [1, 1, 1, 1, 4, 2]]
[[3, 33, 10, 20, 36, 24], [1, 3, 1, 1, 1, 3]]
[[3, 33, 10, 20, 36, 24], [1, 2, 1, 1, 2, 3]]
[[3, 33, 10, 20, 36, 24], [4, 1, 2, 2, 1, 1]]
[[3, 33, 10, 20, 36, 24], [3, 1, 2, 3, 1, 1]]
[[3, 33, 10, 20, 36, 24], [1, 1, 3, 4, 1, 1]]
[[3, 33, 10, 20, 36, 24], [1, 1, 4, 3, 1, 1]]
[[3, 33, 10, 20, 36, 24], [1, 3, 1, 1, 3, 2]]
[[3, 33, 10, 20, 36, 24], [1, 4, 1, 1, 3, 1]]
[[3, 33, 10, 20, 36, 24], [1, 3, 1, 1, 4, 1]]
[[3, 33, 10, 20, 36, 24], [4, 1, 1, 3, 1, 1]]
[[3, 33, 10, 20, 36, 24], [3, 1, 3, 2, 1, 1]]
[[3, 33, 10, 20, 36, 24], [4, 1, 3, 1, 1, 1]]
[[3, 33, 10, 20, 36, 24], [1, 2, 1, 1, 4, 2]]
[[3, 33, 10, 20, 36, 24], [2, 1, 4, 2, 1, 1]]
[[3, 33, 10, 20, 36, 24], [1, 4, 1, 1, 1, 3]]
[[3, 33, 10, 20, 36, 24], [1, 4, 1, 1, 2, 2]]
[[3, 33, 10, 20, 36, 24], [3, 1, 4, 1, 1, 1]]
[[3, 33, 10, 20, 36, 24], [1, 3, 1, 1, 2, 3]]
[[3, 33, 10, 20, 36, 24], [1, 2, 1, 1, 3, 3]]
[[3, 33, 10, 20, 36, 24], [3, 1, 1, 4, 1, 1]]
[[3, 33, 10, 20, 36, 24], [2, 1, 2, 4, 1, 1]]
[[3, 33, 10, 20, 36, 24], [1, 1, 1, 1, 4, 3]]
[[3, 33, 10, 20, 36, 24], [1, 3, 1, 1, 1, 4]]
[[3, 33, 10, 20, 36, 24], [1, 2, 1, 1, 2, 4]]
[[3, 33, 10, 20, 36, 24], [2, 1, 3, 3, 1, 1]]
[[3, 33, 10, 20, 36, 24], [1, 1, 1, 1, 3, 4]]
[[3, 33, 10, 20, 36, 24], [1, 2, 1, 1, 4, 3]]
[[3, 33, 10, 20, 36, 24], [1, 4, 1, 1, 1, 4]]
[[3, 33, 10, 20, 36, 24], [1, 2, 1, 1, 3, 4]]
[[3, 33, 10, 20, 36, 24], [3, 1, 2, 4, 1, 1]]
[[3, 33, 10, 20, 36, 24], [1, 3, 1, 1, 2, 4]]
[[3, 33, 10, 20, 36, 24], [4, 1, 2, 3, 1, 1]]
[[3, 33, 10, 20, 36, 24], [1, 1, 1, 1, 4, 4]]
[[3, 33, 10, 20, 36, 24], [2, 1, 4, 3, 1, 1]]
[[3, 33, 10, 20, 36, 24], [4, 1, 1, 4, 1, 1]]
[[3, 33, 10, 20, 36, 24], [2, 1, 3, 4, 1, 1]]
[[3, 33, 10, 20, 36, 24], [1, 1, 4, 4, 1, 1]]
[[3, 33, 10, 20, 36, 24], [3, 1, 4, 2, 1, 1]]
[[3, 33, 10, 20, 36, 24], [4, 1, 4, 1, 1, 1]]
[[3, 33, 10, 20, 36, 24], [1, 4, 1, 1, 4, 1]]
[[3, 33, 10, 20, 36, 24], [3, 1, 3, 3, 1, 1]]
[[3, 33, 10, 20, 36, 24], [1, 3, 1, 1, 3, 3]]
[[3, 33, 10, 20, 36, 24], [1, 4, 1, 1, 3, 2]]
[[3, 33, 10, 20, 36, 24], [1, 3, 1, 1, 4, 2]]
[[3, 33, 10, 20, 36, 24], [4, 1, 3, 2, 1, 1]]
[[3, 33, 10, 20, 36, 24], [1, 4, 1, 1, 2, 3]]
[[3, 33, 10, 20, 36, 24], [1, 4, 1, 1, 3, 3]]
[[3, 33, 10, 20, 36, 24], [2, 1, 4, 4, 1, 1]]
[[3, 33, 10, 20, 36, 24], [1, 3, 1, 1, 4, 3]]
[[3, 33, 10, 20, 36, 24], [1, 3, 1, 1, 3, 4]]
[[3, 33, 10, 20, 36, 24], [3, 1, 4, 3, 1, 1]]
[[3, 33, 10, 20, 36, 24], [1, 4, 1, 1, 4, 2]]
[[3, 33, 10, 20, 36, 24], [3, 1, 3, 4, 1, 1]]
[[3, 33, 10, 20, 36, 24], [4, 1, 4, 2, 1, 1]]
[[3, 33, 10, 20, 36, 24], [1, 2, 1, 1, 4, 4]]
[[3, 33, 10, 20, 36, 24], [1, 4, 1, 1, 2, 4]]
[[3, 33, 10, 20, 36, 24], [4, 1, 2, 4, 1, 1]]
[[3, 33, 10, 20, 36, 24], [4, 1, 3, 3, 1, 1]]
[[3, 33, 10, 20, 36, 24], [1, 4, 1, 1, 4, 3]]
[[3, 33, 10, 20, 36, 24], [3, 1, 4, 4, 1, 1]]
[[3, 33, 10, 20, 36, 24], [4, 1, 3, 4, 1, 1]]
[[3, 33, 10, 20, 36, 24], [4, 1, 4, 3, 1, 1]]
[[3, 33, 10, 20, 36, 24], [1, 4, 1, 1, 3, 4]]
[[3, 33, 10, 20, 36, 24], [1, 3, 1, 1, 4, 4]]
[[3, 33, 10, 20, 36, 24], [4, 1, 4, 4, 1, 1]]
[[3, 33, 10, 20, 36, 24], [1, 4, 1, 1, 4, 4]]
